subplots_adjust	0.15
fontsize	10.0
title	Tabulated values of the Shockley-Queisser limit for single junction solar cells, Table S1
xlabel	Energy [eV]
ylabel	Quantity
xlim	['', '']
ylim	['', '']
meastype	Graph
[ev]	[nm]	[mA/cm2]	[mA/cm2]	[mA/cm2]	[V]	[V]	[%]	[%]
authors	Sven Ruehle
caption	Detailed balance limit for a single junction solar cell at a cell temperature Tc of 25 °C illuminated by the AM 1.5G spectral irradiance (ASTM G173-03) as a function of the energy band gap Eg and band gap wavelength lambda_g considering radiative emission from the front and rear side of the solar cell as shown in Fig. 2a.
comment	SI, table S1 (no reflector: unfavorable case)
doi	10.1016/j.solener.2016.02.015
label	$\\lambda$g [nm]	Jmax [mA/cm2]	Jsc [mA/cm2]	Jmpp [mA/cm2]	Voc [V]	Vmpp [V]	FF [%]	$\\eta$ [%]
linestyle	none
publication	Solar Energy 130 (2016) 139-147
url	http://dx.doi.org/10.1016/j.solener.2016.02.015
0.31	3999.5	68.98	68.45	53.24	0.125	0.087	54.2	4.64
0.32	3874.5	68.69	68.31	53.93	0.133	0.094	55.6	5.06
0.33	3757.1	68.38	68.1	54.49	0.142	0.101	56.9	5.5
0.34	3646.6	68.06	67.87	54.98	0.15	0.108	58.2	5.93
0.35	3542.4	67.76	67.62	55.41	0.159	0.115	59.4	6.38
0.36	3444.0	67.45	67.35	55.75	0.167	0.122	60.5	6.82
0.37	3350.9	67.25	67.18	56.14	0.176	0.13	61.6	7.28
0.38	3262.7	67.15	67.1	56.56	0.185	0.137	62.6	7.76
0.39	3179.1	67.08	67.05	56.98	0.193	0.145	63.6	8.25
0.4	3099.6	66.95	66.93	57.29	0.202	0.152	64.5	8.73
0.41	3024.0	66.89	66.87	57.64	0.211	0.16	65.4	9.22
0.42	2952.0	66.81	66.8	57.94	0.22	0.168	66.3	9.72
0.43	2883.4	66.77	66.77	58.26	0.229	0.176	67.1	10.23
0.44	2817.8	66.77	66.77	58.56	0.237	0.184	67.8	10.75
0.45	2755.2	66.77	66.77	58.88	0.246	0.192	68.6	11.27
0.46	2695.3	66.77	66.77	59.15	0.255	0.2	69.2	11.8
0.47	2638.0	66.77	66.77	59.42	0.264	0.208	69.9	12.33
0.48	2583.0	66.77	66.77	59.66	0.273	0.216	70.5	12.86
0.49	2530.3	66.77	66.77	59.89	0.282	0.224	71.1	13.4
0.5	2479.7	66.75	66.74	60.08	0.291	0.232	71.7	13.94
0.51	2431.1	66.52	66.52	60.1	0.3	0.24	72.3	14.43
0.52	2384.3	66.2	66.2	59.99	0.309	0.248	72.8	14.89
0.53	2339.3	65.83	65.82	59.83	0.318	0.256	73.3	15.34
0.54	2296.0	65.36	65.36	59.57	0.327	0.265	73.8	15.76
0.55	2254.3	64.86	64.86	59.28	0.336	0.273	74.2	16.17
0.56	2214.0	64.32	64.32	58.94	0.345	0.281	74.7	16.56
0.57	2175.2	63.79	63.79	58.59	0.354	0.289	75.1	16.94
0.58	2137.7	63.24	63.24	58.22	0.363	0.298	75.5	17.32
0.59	2101.4	62.69	62.69	57.83	0.372	0.306	75.9	17.68
0.6	2066.4	62.2	62.2	57.5	0.381	0.314	76.3	18.06
0.61	2032.5	61.78	61.78	57.22	0.39	0.323	76.7	18.45
0.62	1999.7	61.53	61.53	57.09	0.399	0.331	77.1	18.89
0.63	1968.0	61.17	61.17	56.86	0.408	0.339	77.4	19.3
0.64	1937.3	61.09	61.09	56.89	0.417	0.348	77.8	19.79
0.65	1907.4	61.08	61.08	56.98	0.426	0.357	78.1	20.32
0.66	1878.5	61.08	61.08	57.07	0.435	0.365	78.4	20.84
0.67	1850.5	61.08	61.08	57.16	0.445	0.374	78.7	21.37
0.68	1823.3	61.08	61.08	57.24	0.454	0.383	79.0	21.9
0.69	1796.9	61.03	61.03	57.27	0.463	0.392	79.3	22.41
0.7	1771.2	60.7	60.7	57.04	0.472	0.4	79.6	22.81
0.71	1746.3	60.17	60.17	56.61	0.481	0.409	79.9	23.13
0.72	1722.0	59.6	59.6	56.14	0.49	0.417	80.1	23.42
0.73	1698.4	58.97	58.97	55.61	0.499	0.426	80.4	23.67
0.74	1675.5	58.33	58.33	55.07	0.508	0.434	80.7	23.91
0.75	1653.1	57.68	57.68	54.52	0.518	0.443	80.9	24.14
0.76	1631.4	57.03	57.03	53.96	0.527	0.452	81.1	24.36
0.77	1610.2	56.38	56.38	53.4	0.536	0.46	81.4	24.56
0.78	1589.5	55.74	55.74	52.84	0.545	0.469	81.6	24.76
0.79	1569.4	55.12	55.12	52.3	0.554	0.477	81.8	24.96
0.8	1549.8	54.46	54.46	51.72	0.563	0.486	82.0	25.13
0.81	1530.7	53.81	53.81	51.16	0.572	0.495	82.2	25.3
0.82	1512.0	53.22	53.22	50.63	0.581	0.503	82.4	25.47
0.83	1493.8	52.73	52.73	50.21	0.59	0.512	82.6	25.7
0.84	1476.0	52.47	52.47	50.0	0.599	0.521	82.8	26.04
0.85	1458.6	52.29	52.29	49.87	0.609	0.53	83.0	26.41
0.86	1441.7	52.15	52.15	49.77	0.618	0.539	83.2	26.81
0.87	1425.1	52.09	52.09	49.75	0.628	0.548	83.4	27.24
0.88	1408.9	52.06	52.06	49.77	0.637	0.557	83.6	27.7
0.89	1393.1	52.06	52.06	49.8	0.646	0.566	83.7	28.17
0.9	1377.6	52.06	52.06	49.84	0.656	0.575	83.9	28.64
0.91	1362.5	52.06	52.06	49.87	0.665	0.584	84.1	29.11
0.92	1347.7	52.06	52.06	49.89	0.675	0.593	84.2	29.58
0.93	1333.2	51.83	51.83	49.71	0.684	0.602	84.4	29.91
0.94	1319.0	51.46	51.46	49.38	0.693	0.611	84.5	30.16
0.95	1305.1	50.98	50.98	48.95	0.703	0.62	84.7	30.33
0.96	1291.5	50.44	50.44	48.46	0.712	0.629	84.8	30.45
0.97	1278.2	49.87	49.87	47.94	0.721	0.637	85.0	30.55
0.98	1265.1	49.35	49.35	47.46	0.73	0.646	85.1	30.66
0.99	1252.4	48.8	48.8	46.96	0.739	0.655	85.3	30.75
1.0	1239.8	48.22	48.22	46.42	0.749	0.664	85.4	30.82
1.01	1227.6	47.65	47.65	45.9	0.758	0.673	85.5	30.88
1.02	1215.5	47.11	47.11	45.4	0.767	0.682	85.7	30.95
1.03	1203.7	46.61	46.61	44.94	0.776	0.691	85.8	31.03
1.04	1192.2	46.12	46.12	44.49	0.785	0.7	85.9	31.12
1.05	1180.8	45.66	45.66	44.06	0.795	0.709	86.0	31.21
1.06	1169.7	45.2	45.2	43.63	0.804	0.718	86.2	31.3
1.07	1158.7	44.8	44.8	43.27	0.813	0.727	86.3	31.43
1.08	1148.0	44.56	44.56	43.06	0.823	0.736	86.4	31.66
1.09	1137.5	44.36	44.36	42.89	0.832	0.745	86.5	31.93
1.1	1127.1	44.23	44.23	42.77	0.842	0.754	86.6	32.23
1.11	1117.0	44.11	44.11	42.68	0.851	0.763	86.7	32.55
1.12	1107.0	43.81	43.81	42.4	0.86	0.772	86.9	32.73
1.13	1097.2	43.39	43.39	42.01	0.87	0.781	87.0	32.81
1.14	1087.6	42.92	42.92	41.57	0.879	0.79	87.1	32.84
1.15	1078.1	42.44	42.44	41.12	0.888	0.799	87.2	32.85
1.16	1068.8	41.95	41.95	40.66	0.898	0.808	87.3	32.85
1.17	1059.7	41.46	41.46	40.2	0.907	0.817	87.4	32.84
1.18	1050.7	40.97	40.97	39.73	0.916	0.826	87.5	32.81
1.19	1041.9	40.48	40.48	39.27	0.925	0.835	87.6	32.78
1.2	1033.2	39.99	39.99	38.8	0.935	0.844	87.7	32.74
1.21	1024.7	39.5	39.5	38.34	0.944	0.853	87.7	32.7
1.22	1016.3	39.01	39.01	37.89	0.953	0.862	87.8	32.65
1.23	1008.0	38.53	38.53	37.42	0.962	0.871	87.9	32.59
1.24	999.9	38.05	38.05	36.97	0.972	0.88	88.0	32.53
1.25	991.9	37.57	37.57	36.52	0.981	0.889	88.1	32.46
1.26	984.0	37.11	37.11	36.08	0.99	0.898	88.2	32.4
1.27	976.3	36.71	36.71	35.7	1.0	0.907	88.3	32.38
1.28	968.6	36.33	36.33	35.34	1.009	0.916	88.4	32.37
1.29	961.1	36.03	36.03	35.06	1.018	0.926	88.4	32.44
1.3	953.7	35.82	35.82	34.86	1.028	0.935	88.5	32.57
1.31	946.4	35.63	35.63	34.69	1.037	0.944	88.6	32.73
1.32	939.3	35.44	35.44	34.51	1.047	0.953	88.7	32.88
1.33	932.2	35.32	35.32	34.4	1.056	0.962	88.8	33.1
1.34	925.3	35.03	35.03	34.13	1.066	0.972	88.8	33.16
1.35	918.4	34.66	34.66	33.78	1.075	0.981	88.9	33.12
1.36	911.6	34.34	34.34	33.47	1.084	0.99	89.0	33.12
1.37	905.0	34.0	34.0	33.15	1.094	0.999	89.1	33.11
1.38	898.4	33.67	33.67	32.83	1.103	1.008	89.1	33.09
1.39	892.0	33.3	33.3	32.48	1.113	1.017	89.2	33.03
1.4	885.6	32.88	32.88	32.08	1.122	1.026	89.3	32.91
1.41	879.3	32.47	32.47	31.68	1.131	1.036	89.3	32.79
1.42	873.1	32.05	32.05	31.28	1.14	1.045	89.4	32.67
1.43	867.0	31.64	31.64	30.89	1.15	1.054	89.5	32.54
1.44	861.0	31.24	31.24	30.5	1.159	1.063	89.5	32.41
1.45	855.1	30.84	30.84	30.12	1.168	1.072	89.6	32.27
1.46	849.2	30.46	30.46	29.75	1.178	1.081	89.7	32.16
1.47	843.4	30.07	30.07	29.38	1.187	1.09	89.7	32.01
1.48	837.7	29.68	29.68	29.0	1.196	1.099	89.8	31.87
1.49	832.1	29.31	29.31	28.65	1.206	1.108	89.8	31.74
1.5	826.6	28.97	28.97	28.32	1.215	1.118	89.9	31.64
1.51	821.1	28.64	28.64	28.01	1.224	1.127	90.0	31.54
1.52	815.7	28.33	28.33	27.71	1.234	1.136	90.0	31.46
1.53	810.4	27.99	27.99	27.38	1.243	1.145	90.1	31.34
1.54	805.1	27.63	27.63	27.02	1.253	1.154	90.1	31.18
1.55	799.9	27.26	27.26	26.67	1.262	1.163	90.2	31.02
1.56	794.8	26.9	26.9	26.33	1.271	1.172	90.3	30.86
1.57	789.7	26.55	26.55	25.98	1.281	1.182	90.3	30.69
1.58	784.7	26.19	26.19	25.63	1.29	1.191	90.4	30.51
1.59	779.8	25.83	25.83	25.28	1.299	1.2	90.4	30.33
1.6	774.9	25.47	25.47	24.94	1.309	1.209	90.5	30.14
1.61	770.1	25.12	25.12	24.6	1.318	1.218	90.5	29.95
1.62	765.3	24.82	24.82	24.31	1.327	1.227	90.6	29.82
1.63	760.6	24.67	24.67	24.17	1.337	1.237	90.6	29.88
1.64	756.0	24.4	24.4	23.9	1.346	1.246	90.7	29.77
1.65	751.4	24.05	24.05	23.57	1.356	1.255	90.7	29.57
1.66	746.9	23.71	23.71	23.24	1.365	1.264	90.8	29.37
1.67	742.4	23.38	23.38	22.92	1.374	1.273	90.8	29.17
1.68	738.0	23.06	23.06	22.61	1.384	1.283	90.9	28.98
1.69	733.6	22.74	22.74	22.3	1.393	1.292	90.9	28.8
1.7	729.3	22.46	22.46	22.02	1.402	1.301	91.0	28.64
1.71	725.1	22.19	22.19	21.76	1.412	1.31	91.0	28.5
1.72	720.8	21.91	21.91	21.5	1.421	1.319	91.1	28.35
1.73	716.7	21.67	21.67	21.26	1.43	1.329	91.1	28.23
1.74	712.6	21.37	21.37	20.96	1.44	1.338	91.2	28.03
1.75	708.5	21.06	21.06	20.67	1.449	1.347	91.2	27.82
1.76	704.5	20.76	20.76	20.37	1.458	1.356	91.3	27.62
1.77	700.5	20.47	20.47	20.09	1.468	1.365	91.3	27.42
1.78	696.5	20.18	20.18	19.81	1.477	1.374	91.3	27.22
1.79	692.6	19.91	19.91	19.54	1.487	1.384	91.4	27.03
1.8	688.8	19.65	19.65	19.29	1.496	1.393	91.4	26.86
1.81	685.0	19.4	19.4	19.05	1.505	1.402	91.5	26.7
1.82	681.2	19.11	19.11	18.77	1.515	1.411	91.5	26.48
1.83	677.5	18.83	18.83	18.49	1.524	1.42	91.5	26.26
1.84	673.8	18.54	18.54	18.22	1.533	1.43	91.6	26.03
1.85	670.2	18.27	18.27	17.95	1.543	1.439	91.6	25.81
1.86	666.6	17.99	17.99	17.68	1.552	1.448	91.7	25.59
1.87	663.0	17.72	17.72	17.41	1.561	1.457	91.7	25.37
1.88	659.5	17.46	17.46	17.16	1.571	1.466	91.7	25.15
1.89	656.0	17.22	17.22	16.92	1.58	1.475	91.8	24.96
1.9	652.5	16.97	16.97	16.68	1.589	1.485	91.8	24.75
1.91	649.1	16.72	16.72	16.43	1.599	1.494	91.9	24.54
1.92	645.8	16.47	16.47	16.19	1.608	1.503	91.9	24.33
1.93	642.4	16.22	16.22	15.95	1.617	1.512	91.9	24.11
1.94	639.1	15.97	15.97	15.71	1.627	1.522	92.0	23.89
1.95	635.8	15.73	15.73	15.47	1.636	1.531	92.0	23.67
1.96	632.6	15.49	15.49	15.24	1.645	1.54	92.0	23.45
1.97	629.4	15.26	15.26	15.01	1.655	1.549	92.1	23.25
1.98	626.2	15.04	15.04	14.79	1.664	1.558	92.1	23.04
1.99	623.0	14.81	14.81	14.57	1.674	1.567	92.2	22.84
2.0	619.9	14.59	14.59	14.35	1.683	1.577	92.2	22.62
2.01	616.8	14.36	14.36	14.13	1.692	1.586	92.2	22.4
2.02	613.8	14.14	14.14	13.92	1.702	1.595	92.3	22.19
2.03	610.8	13.92	13.92	13.71	1.711	1.604	92.3	21.98
2.04	607.8	13.71	13.71	13.49	1.72	1.613	92.3	21.76
2.05	604.8	13.49	13.49	13.28	1.73	1.623	92.4	21.54
2.06	601.9	13.28	13.28	13.08	1.739	1.632	92.4	21.33
2.07	599.0	13.08	13.08	12.87	1.748	1.641	92.4	21.12
2.08	596.1	12.87	12.87	12.68	1.758	1.65	92.5	20.91
2.09	593.2	12.67	12.67	12.48	1.767	1.66	92.5	20.71
2.1	590.4	12.48	12.48	12.29	1.776	1.669	92.5	20.5
2.11	587.6	12.29	12.29	12.11	1.786	1.678	92.5	20.31
2.12	584.8	12.1	12.1	11.91	1.795	1.687	92.6	20.1
2.13	582.1	11.9	11.9	11.72	1.804	1.696	92.6	19.87
2.14	579.4	11.71	11.71	11.53	1.814	1.706	92.6	19.66
2.15	576.7	11.52	11.52	11.35	1.823	1.715	92.7	19.46
2.16	574.0	11.34	11.34	11.17	1.832	1.724	92.7	19.25
2.17	571.4	11.15	11.15	10.99	1.842	1.733	92.7	19.04
2.18	568.7	10.97	10.97	10.81	1.851	1.742	92.8	18.84
2.19	566.1	10.8	10.8	10.64	1.861	1.752	92.8	18.63
2.2	563.6	10.62	10.62	10.47	1.87	1.761	92.8	18.42
2.21	561.0	10.44	10.44	10.29	1.879	1.77	92.8	18.22
2.22	558.5	10.27	10.27	10.13	1.889	1.779	92.9	18.01
2.23	556.0	10.1	10.1	9.96	1.898	1.789	92.9	17.81
2.24	553.5	9.93	9.93	9.79	1.907	1.798	92.9	17.6
2.25	551.0	9.76	9.76	9.62	1.917	1.807	93.0	17.39
2.26	548.6	9.6	9.6	9.46	1.926	1.816	93.0	17.18
2.27	546.2	9.43	9.43	9.3	1.935	1.825	93.0	16.97
2.28	543.8	9.27	9.27	9.14	1.945	1.835	93.0	16.76
2.29	541.4	9.11	9.11	8.98	1.954	1.844	93.1	16.56
2.3	539.1	8.96	8.96	8.84	1.963	1.853	93.1	16.37
2.31	536.7	8.8	8.8	8.68	1.973	1.862	93.1	16.16
2.32	534.4	8.64	8.64	8.53	1.982	1.871	93.1	15.95
2.33	532.1	8.5	8.5	8.38	1.991	1.881	93.2	15.76
2.34	529.8	8.34	8.34	8.23	2.001	1.89	93.2	15.55
2.35	527.6	8.19	8.19	8.08	2.01	1.899	93.2	15.34
2.36	525.4	8.05	8.05	7.95	2.019	1.908	93.2	15.16
2.37	523.1	7.91	7.91	7.8	2.029	1.917	93.3	14.95
2.38	520.9	7.76	7.76	7.66	2.038	1.927	93.3	14.76
2.39	518.8	7.63	7.63	7.53	2.047	1.936	93.3	14.57
2.4	516.6	7.5	7.5	7.41	2.057	1.945	93.3	14.4
2.41	514.5	7.37	7.37	7.27	2.066	1.954	93.4	14.21
2.42	512.3	7.24	7.24	7.14	2.075	1.963	93.4	14.02
2.43	510.2	7.1	7.1	7.01	2.084	1.973	93.4	13.82
2.44	508.1	6.96	6.96	6.88	2.094	1.982	93.4	13.62
2.45	506.1	6.83	6.83	6.74	2.103	1.991	93.5	13.42
2.46	504.0	6.7	6.7	6.62	2.112	2.0	93.5	13.23
2.47	502.0	6.58	6.58	6.49	2.122	2.009	93.5	13.04
2.48	499.9	6.45	6.45	6.37	2.131	2.018	93.5	12.86
2.49	497.9	6.33	6.33	6.25	2.14	2.028	93.6	12.66
2.5	495.9	6.2	6.2	6.12	2.15	2.037	93.6	12.47
2.51	494.0	6.07	6.07	6.0	2.159	2.046	93.6	12.27
2.52	492.0	5.95	5.95	5.88	2.168	2.055	93.6	12.08
2.53	490.1	5.83	5.83	5.76	2.177	2.064	93.6	11.89
2.54	488.1	5.72	5.72	5.65	2.187	2.073	93.7	11.71
2.55	486.2	5.61	5.61	5.54	2.196	2.083	93.7	11.54
2.56	484.3	5.5	5.5	5.43	2.205	2.092	93.7	11.36
2.57	482.4	5.38	5.38	5.32	2.214	2.101	93.7	11.17
2.58	480.6	5.27	5.27	5.2	2.224	2.11	93.8	10.98
2.59	478.7	5.15	5.15	5.09	2.233	2.119	93.8	10.78
2.6	476.9	5.04	5.04	4.98	2.242	2.128	93.8	10.59
2.61	475.0	4.93	4.93	4.87	2.251	2.138	93.8	10.4
2.62	473.2	4.82	4.82	4.76	2.261	2.147	93.8	10.22
2.63	471.4	4.71	4.71	4.65	2.27	2.156	93.9	10.03
2.64	469.6	4.61	4.61	4.55	2.279	2.165	93.9	9.85
2.65	467.9	4.5	4.5	4.45	2.288	2.174	93.9	9.67
2.66	466.1	4.4	4.4	4.35	2.298	2.183	93.9	9.49
2.67	464.4	4.3	4.3	4.25	2.307	2.192	93.9	9.31
2.68	462.6	4.2	4.2	4.15	2.316	2.201	94.0	9.13
2.69	460.9	4.09	4.09	4.05	2.325	2.21	94.0	8.94
2.7	459.2	4.0	4.0	3.95	2.334	2.219	94.0	8.77
2.71	457.5	3.9	3.9	3.85	2.343	2.229	94.0	8.59
2.72	455.8	3.8	3.8	3.76	2.353	2.238	94.0	8.41
2.73	454.2	3.71	3.71	3.67	2.362	2.247	94.0	8.23
2.74	452.5	3.62	3.62	3.58	2.371	2.256	94.1	8.07
2.75	450.9	3.52	3.52	3.48	2.38	2.265	94.1	7.89
2.76	449.2	3.43	3.43	3.39	2.389	2.274	94.1	7.71
2.77	447.6	3.34	3.34	3.31	2.398	2.283	94.1	7.54
2.78	446.0	3.26	3.26	3.22	2.408	2.292	94.1	7.39
2.79	444.4	3.18	3.18	3.14	2.417	2.301	94.2	7.23
2.8	442.8	3.1	3.1	3.06	2.426	2.31	94.2	7.08
2.81	441.2	3.02	3.02	2.99	2.435	2.319	94.2	6.92
2.82	439.7	2.95	2.95	2.91	2.444	2.328	94.2	6.78
2.83	438.1	2.88	2.88	2.85	2.453	2.337	94.2	6.65
2.84	436.6	2.81	2.81	2.78	2.463	2.346	94.2	6.51
2.85	435.0	2.73	2.73	2.7	2.472	2.355	94.3	6.37
2.86	433.5	2.67	2.67	2.64	2.481	2.364	94.3	6.24
2.87	432.0	2.6	2.6	2.58	2.49	2.374	94.3	6.11
2.88	430.5	2.55	2.55	2.53	2.499	2.383	94.3	6.02
2.89	429.0	2.51	2.51	2.48	2.509	2.392	94.3	5.93
2.9	427.5	2.45	2.45	2.42	2.518	2.401	94.3	5.81
2.91	426.1	2.39	2.39	2.36	2.527	2.41	94.4	5.69
2.92	424.6	2.33	2.33	2.3	2.536	2.419	94.4	5.56
2.93	423.2	2.26	2.26	2.24	2.545	2.428	94.4	5.44
2.94	421.7	2.2	2.2	2.18	2.555	2.437	94.4	5.31
2.95	420.3	2.14	2.14	2.12	2.564	2.446	94.4	5.19
2.96	418.9	2.09	2.09	2.07	2.573	2.455	94.4	5.07
2.97	417.5	2.03	2.03	2.01	2.582	2.464	94.5	4.95
2.98	416.1	1.97	1.97	1.95	2.591	2.473	94.5	4.82
2.99	414.7	1.91	1.91	1.89	2.6	2.482	94.5	4.7
3.0	413.3	1.86	1.86	1.84	2.609	2.491	94.5	4.58
3.01	411.9	1.8	1.8	1.78	2.618	2.5	94.5	4.46
3.02	410.5	1.75	1.75	1.73	2.627	2.509	94.5	4.35
3.03	409.2	1.7	1.7	1.68	2.636	2.518	94.6	4.24
3.04	407.8	1.65	1.65	1.63	2.645	2.527	94.6	4.12
3.05	406.5	1.6	1.6	1.58	2.654	2.536	94.6	4.01
3.06	405.2	1.55	1.55	1.53	2.664	2.545	94.6	3.9
3.07	403.9	1.5	1.5	1.48	2.673	2.554	94.6	3.79
3.08	402.5	1.45	1.45	1.43	2.682	2.563	94.6	3.68
3.09	401.2	1.4	1.4	1.39	2.69	2.572	94.6	3.56
3.1	399.9	1.35	1.35	1.34	2.699	2.581	94.7	3.45
3.11	398.7	1.31	1.31	1.29	2.708	2.59	94.7	3.35
3.12	397.4	1.27	1.27	1.26	2.718	2.599	94.7	3.27
3.13	396.1	1.25	1.25	1.24	2.727	2.608	94.7	3.23
3.14	394.9	1.22	1.22	1.21	2.736	2.617	94.7	3.15
3.15	393.6	1.19	1.19	1.18	2.745	2.626	94.7	3.11
3.16	392.4	1.17	1.17	1.16	2.755	2.636	94.7	3.06
3.17	391.1	1.14	1.14	1.13	2.764	2.645	94.8	2.99
3.18	389.9	1.11	1.11	1.1	2.773	2.654	94.8	2.92
3.19	388.7	1.08	1.08	1.07	2.782	2.663	94.8	2.85
3.2	387.5	1.06	1.06	1.05	2.792	2.672	94.8	2.8
3.21	386.2	1.03	1.03	1.02	2.801	2.681	94.8	2.75
3.22	385.0	1.01	1.01	1.0	2.81	2.69	94.8	2.69
3.23	383.9	0.99	0.99	0.98	2.819	2.699	94.8	2.64
3.24	382.7	0.97	0.97	0.96	2.829	2.709	94.9	2.61
3.25	381.5	0.95	0.95	0.94	2.838	2.718	94.9	2.56
3.26	380.3	0.92	0.92	0.92	2.847	2.727	94.9	2.49
3.27	379.2	0.9	0.9	0.89	2.856	2.736	94.9	2.44
3.28	378.0	0.87	0.87	0.86	2.865	2.745	94.9	2.37
3.29	376.9	0.84	0.84	0.84	2.874	2.754	94.9	2.3
3.3	375.7	0.82	0.82	0.81	2.883	2.763	94.9	2.24
3.31	374.6	0.8	0.8	0.79	2.893	2.772	95.0	2.19
3.32	373.4	0.78	0.78	0.77	2.902	2.781	95.0	2.15
3.33	372.3	0.76	0.76	0.75	2.911	2.79	95.0	2.1
3.34	371.2	0.74	0.74	0.73	2.92	2.799	95.0	2.04
3.35	370.1	0.71	0.71	0.71	2.929	2.808	95.0	1.98
3.36	369.0	0.69	0.69	0.68	2.938	2.817	95.0	1.92
3.37	367.9	0.67	0.67	0.66	2.947	2.826	95.0	1.87
3.38	366.8	0.64	0.64	0.64	2.956	2.835	95.0	1.81
3.39	365.7	0.62	0.62	0.62	2.965	2.844	95.1	1.75
3.4	364.7	0.6	0.6	0.59	2.974	2.853	95.1	1.7
3.41	363.6	0.58	0.58	0.58	2.983	2.862	95.1	1.65
3.42	362.5	0.56	0.56	0.56	2.992	2.871	95.1	1.6
3.43	361.5	0.55	0.55	0.54	3.001	2.88	95.1	1.56
3.44	360.4	0.53	0.53	0.53	3.01	2.889	95.1	1.52
3.45	359.4	0.51	0.51	0.51	3.019	2.897	95.1	1.47
3.46	358.3	0.5	0.5	0.49	3.028	2.907	95.1	1.44
3.47	357.3	0.49	0.49	0.48	3.037	2.916	95.2	1.4
3.48	356.3	0.47	0.47	0.47	3.046	2.925	95.2	1.36
3.49	355.3	0.45	0.45	0.45	3.055	2.933	95.2	1.32
3.5	354.2	0.44	0.44	0.43	3.064	2.942	95.2	1.27
3.51	353.2	0.42	0.42	0.42	3.073	2.951	95.2	1.23
3.52	352.2	0.41	0.41	0.4	3.082	2.96	95.2	1.19
3.53	351.2	0.39	0.39	0.39	3.091	2.969	95.2	1.15
3.54	350.2	0.37	0.37	0.37	3.1	2.977	95.2	1.11
3.55	349.3	0.36	0.36	0.36	3.109	2.986	95.2	1.07
3.56	348.3	0.35	0.35	0.34	3.117	2.995	95.3	1.03
3.57	347.3	0.33	0.33	0.33	3.126	3.004	95.3	1.0
3.58	346.3	0.32	0.32	0.32	3.135	3.013	95.3	0.96
3.59	345.4	0.31	0.31	0.31	3.144	3.021	95.3	0.92
3.6	344.4	0.3	0.3	0.29	3.153	3.03	95.3	0.89
3.61	343.4	0.28	0.28	0.28	3.162	3.039	95.3	0.86
3.62	342.5	0.27	0.27	0.27	3.17	3.047	95.3	0.82
3.63	341.6	0.26	0.26	0.26	3.179	3.056	95.3	0.78
3.64	340.6	0.25	0.25	0.24	3.188	3.064	95.3	0.75
3.65	339.7	0.23	0.23	0.23	3.196	3.073	95.4	0.71
3.66	338.8	0.22	0.22	0.22	3.205	3.081	95.4	0.68
3.67	337.8	0.21	0.21	0.21	3.213	3.09	95.4	0.65
3.68	336.9	0.2	0.2	0.2	3.222	3.098	95.4	0.62
3.69	336.0	0.19	0.19	0.19	3.23	3.107	95.4	0.59
3.7	335.1	0.18	0.18	0.18	3.239	3.115	95.4	0.56
3.71	334.2	0.17	0.17	0.17	3.247	3.123	95.4	0.52
3.72	333.3	0.16	0.16	0.16	3.255	3.132	95.4	0.49
3.73	332.4	0.15	0.15	0.15	3.263	3.14	95.4	0.46
3.74	331.5	0.14	0.14	0.14	3.271	3.148	95.4	0.43
3.75	330.6	0.13	0.13	0.13	3.279	3.156	95.4	0.4
3.76	329.7	0.12	0.12	0.12	3.287	3.163	95.5	0.37
3.77	328.9	0.11	0.1	0.11	3.295	3.171	95.5	0.34
3.78	328.0	0.1	0.11	0.1	3.302	3.178	95.5	0.31
3.79	327.1	0.0908	0.0908	0.0901	3.31	3.186	95.5	0.29
3.8	326.3	0.0818	0.0818	0.0811	3.317	3.193	95.5	0.26
3.81	325.4	0.0736	0.0736	0.073	3.324	3.2	95.5	0.23
3.82	324.6	0.0671	0.0671	0.0666	3.332	3.207	95.5	0.21
3.83	323.7	0.0611	0.0611	0.0606	3.339	3.215	95.5	0.19
3.84	322.9	0.0559	0.0559	0.0554	3.347	3.222	95.5	0.18
3.85	322.0	0.0511	0.0511	0.0507	3.354	3.23	95.5	0.16
3.86	321.2	0.046	0.046	0.0457	3.361	3.237	95.5	0.15
3.87	320.4	0.0408	0.0408	0.0405	3.368	3.244	95.5	0.13
3.88	319.5	0.0363	0.0363	0.036	3.375	3.25	95.6	0.12
3.89	318.7	0.0321	0.0321	0.0319	3.382	3.257	95.6	0.1
3.9	317.9	0.0282	0.0282	0.028	3.388	3.264	95.6	0.0914
3.91	317.1	0.0245	0.0245	0.0243	3.395	3.27	95.6	0.0795
3.92	316.3	0.0213	0.0213	0.0211	3.401	3.276	95.6	0.0692
3.93	315.5	0.0187	0.0187	0.0185	3.407	3.283	95.6	0.0608
3.94	314.7	0.016	0.016	0.0159	3.413	3.288	95.6	0.0523
3.95	313.9	0.0135	0.0135	0.0134	3.419	3.294	95.6	0.0442
3.96	313.1	0.0113	0.0113	0.0112	3.424	3.299	95.6	0.037
3.97	312.3	0.00928	0.00928	0.0092	3.429	3.304	95.6	0.0304
3.98	311.5	0.00747	0.00747	0.00741	3.433	3.308	95.6	0.0245
3.99	310.7	0.00589	0.00589	0.00585	3.437	3.312	95.6	0.0194
4.0	310.0	0.00467	0.00467	0.00464	3.441	3.316	95.6	0.0154
4.01	309.2	0.0038	0.0038	0.00378	3.445	3.32	95.6	0.0125
4.02	308.4	0.00302	0.00302	0.00299	3.449	3.324	95.6	0.00995
4.03	307.7	0.00229	0.00229	0.00227	3.452	3.327	95.6	0.00755
4.04	306.9	0.00169	0.00169	0.00168	3.454	3.329	95.6	0.00558
4.05	306.1	0.00127	0.00127	0.00126	3.457	3.331	95.6	0.00421
4.06	305.4	0.000926	0.000926	0.000919	3.458	3.333	95.6	0.00306
4.07	304.6	0.000632	0.000632	0.000628	3.458	3.333	95.6	0.00209
4.08	303.9	0.000429	0.000429	0.000426	3.458	3.333	95.6	0.00142
4.09	303.1	0.000272	0.000272	0.00027	3.456	3.331	95.6	0.000898
4.1	302.4	0.000166	0.000166	0.000165	3.454	3.328	95.6	0.000549
4.11	301.7	0.000108	0.000108	0.000107	3.452	3.327	95.6	0.000357
4.12	300.9	6.61e-05	6.61e-05	6.56e-05	3.45	3.325	95.6	0.000218
4.13	300.2	4.14e-05	4.14e-05	4.1e-05	3.447	3.322	95.6	0.000136
4.14	299.5	2.4e-05	2.4e-05	2.39e-05	3.444	3.318	95.6	7.92e-05
4.15	298.8	1.37e-05	1.37e-05	1.36e-05	3.439	3.314	95.6	4.52e-05
4.16	298.0	7.52e-06	7.52e-06	7.46e-06	3.433	3.308	95.6	2.47e-05
4.17	297.3	3.76e-06	3.76e-06	3.73e-06	3.425	3.3	95.6	1.23e-05
4.18	296.6	1.88e-06	1.88e-06	1.86e-06	3.417	3.292	95.6	6.14e-06
4.19	295.9	8.53e-07	8.53e-07	8.46e-07	3.406	3.282	95.6	2.78e-06
4.2	295.2	3.44e-07	3.44e-07	3.41e-07	3.392	3.268	95.6	1.12e-06
4.21	294.5	1.36e-07	1.36e-07	1.35e-07	3.38	3.255	95.6	4.38e-07
4.22	293.8	5.68e-08	5.68e-08	5.64e-08	3.366	3.241	95.5	1.83e-07
4.23	293.1	1.92e-08	1.92e-08	1.91e-08	3.348	3.223	95.5	6.15e-08
4.24	292.4	6.95e-09	6.95e-09	6.89e-09	3.332	3.208	95.5	2.21e-08
4.25	291.7	2.33e-09	2.33e-09	2.31e-09	3.312	3.188	95.5	7.37e-09
4.26	291.0	5.44e-10	5.44e-10	5.39e-10	3.286	3.162	95.5	1.71e-09
4.27	290.4	1.53e-10	1.53e-10	1.51e-10	3.262	3.139	95.4	4.75e-10
4.28	289.7	3.89e-11	3.89e-11	3.85e-11	3.235	3.112	95.4	1.2e-10
4.29	289.0	6.4e-12	6.4e-12	6.35e-12	3.202	3.079	95.4	1.95e-11
4.3	288.3	1.44e-12	1.44e-12	1.43e-12	3.171	3.048	95.3	4.37e-12
4.31	287.7	2.48e-13	2.48e-13	2.46e-13	3.131	3.009	95.3	7.44e-13
4.32	287.0	2.78e-14	2.78e-14	2.76e-14	3.093	2.97	95.2	8.18e-14
4.33	286.3	5.21e-15	5.21e-15	5.17e-15	3.054	2.932	95.2	1.52e-14
4.34	285.7	7.43e-16	7.43e-16	7.37e-16	3.014	2.892	95.1	2.14e-15
4.35	285.0	9.59e-17	9.59e-17	9.51e-17	2.975	2.854	95.1	2.72e-16
4.36	284.4	1.84e-17	1.84e-17	1.82e-17	2.939	2.819	95.0	5.15e-17
4.37	283.7	2.37e-18	2.37e-18	2.35e-18	2.886	2.766	94.9	6.56e-18
4.38	283.1	2.15e-19	2.15e-19	2.13e-19	2.848	2.727	94.9	5.81e-19
4.39	282.4	3.64e-20	3.64e-20	3.6e-20	2.811	2.691	94.8	9.71e-20
4.4	281.8	5.31e-21	5.31e-21	5.26e-21	2.762	2.643	94.8	1.4e-20
4.41	281.1	3.11e-22	3.11e-22	3.08e-22	2.685	2.566	94.6	8.03e-22
4.42	280.5	8.06e-24	8.06e-24	7.98e-24	2.626	2.508	94.5	2e-23
