comment0	Data must be within [0,1] and NOT in %.
comment1	Feel free to add the reflectance and transmittance spectra of your substrates. Set labels as '<substrate> R' and '<substrate> T'
ylabel	Transmittance, Reflectance [%]
xlabel	Wavelength [nm]
_spectrumguidark	True	True
_spectrumguioffset	True	True
_spectrumsubclass	CurveSpectrumReflectance	CurveSpectrumTransmittance
curve	Curve Spectrum	Curve Spectrum
label	SLG R	SLG T
nm	Reflectance [ ]	Transmittance [ ]
200.0	0.1351735	0.012078
202.0	0.127294634	0.0110038
204.0	0.117565556	0.0094311
206.0	0.109434264	0.0084258
208.0	0.101518788	0.0075117
210.0	0.094570963	0.0069039
212.0	0.088722319	0.0063126
214.0	0.083635035	0.0057918
216.0	0.079334028	0.0054315
218.0	0.075696327	0.0051482
220.0	0.073243544	0.004934852
222.0	0.071305321	0.004679467
224.0	0.069337176	0.004418644
226.0	0.067521749	0.004184713
228.0	0.065796782	0.003968837
230.0	0.064255236	0.003752274
232.0	0.062874158	0.00352625
234.0	0.061426898	0.003306782
236.0	0.060135995	0.003078474
238.0	0.058837514	0.002893711
240.0	0.057688241	0.002719046
242.0	0.056194597	0.002619013
244.0	0.05492872	0.00258322
246.0	0.053639193	0.00262763
248.0	0.052623972	0.002794948
250.0	0.051692864	0.00314807
252.0	0.051182459	0.003721927
254.0	0.050686316	0.004638307
256.0	0.050391346	0.005953402
258.0	0.050161256	0.007836068
260.0	0.049963185	0.010357175
262.0	0.049775832	0.013747093
264.0	0.049581497	0.018356068
266.0	0.049331527	0.024485217
268.0	0.049207184	0.032609224
270.0	0.049107664	0.042956435
272.0	0.049022597	0.056039453
274.0	0.048892466	0.072192555
276.0	0.048891125	0.091730774
278.0	0.049041681	0.114894636
280.0	0.04930427	0.141696345
282.0	0.049714117	0.172455215
284.0	0.050146748	0.206677647
286.0	0.050780884	0.244091976
288.0	0.05153468	0.283640312
290.0	0.052629085	0.325148866
292.0	0.053980894	0.367865326
294.0	0.055554207	0.410975466
296.0	0.05728022	0.453617617
298.0	0.059084714	0.495427071
300.0	0.061398227	0.53996276
302.0	0.063636915	0.582049072
304.0	0.065994445	0.622497783
306.0	0.067992935	0.656545962
308.0	0.069990971	0.688516777
310.0	0.071776659	0.716746305
312.0	0.07335973	0.741713044
314.0	0.074891968	0.764086608
316.0	0.076257062	0.783834542
318.0	0.077468358	0.801974314
320.0	0.078607736	0.818063837
322.0	0.079623774	0.832325198
324.0	0.080535706	0.843996156
326.0	0.081261819	0.854143823
328.0	0.081958759	0.862988351
330.0	0.082469498	0.870808576
332.0	0.082905325	0.877557309
334.0	0.083191308	0.883697001
336.0	0.083598181	0.888704885
338.0	0.083813976	0.892698067
340.0	0.084059049	0.895815806
342.0	0.084159811	0.899088445
344.0	0.084202312	0.901600461
346.0	0.084237131	0.903752527
348.0	0.084265086	0.905200088
350.0	0.084308474	0.906868297
352.0	0.084302214	0.908040719
354.0	0.084260282	0.909433611
356.0	0.084303254	0.910195752
358.0	0.084202134	0.91106852
360.0	0.084121338	0.911664993
362.0	0.084043918	0.91212478
364.0	0.08408314	0.912491775
366.0	0.084076669	0.912668865
368.0	0.084082455	0.913119116
370.0	0.084065203	0.913067478
372.0	0.083979527	0.912959704
374.0	0.08385995	0.912867236
376.0	0.083806579	0.912930036
378.0	0.083788623	0.913071345
380.0	0.083761787	0.913232063
382.0	0.083691758	0.913723034
384.0	0.083596426	0.914113113
386.0	0.083600542	0.914267263
388.0	0.083602472	0.914553208
390.0	0.083669835	0.914685736
392.0	0.083650841	0.915229669
394.0	0.083633711	0.915197745
396.0	0.083561239	0.915515753
398.0	0.083485405	0.91587407
400.0	0.083382673	0.916365573
402.0	0.083275242	0.916566261
404.0	0.083169549	0.91642099
406.0	0.083114606	0.91626879
408.0	0.083117639	0.91635089
410.0	0.083056527	0.916337261
412.0	0.083036261	0.916454892
414.0	0.082989947	0.916116462
416.0	0.083014559	0.916334397
418.0	0.08298448	0.916420953
420.0	0.082931249	0.916648058
422.0	0.082938846	0.916388831
424.0	0.082951189	0.916378744
426.0	0.082986753	0.9164346
428.0	0.082907	0.91665952
430.0	0.082895043	0.916760952
432.0	0.082862344	0.916753619
434.0	0.082880957	0.916600694
436.0	0.082779205	0.916602589
438.0	0.08273292	0.91672678
440.0	0.08268681	0.916977976
442.0	0.082725244	0.916816871
444.0	0.082671161	0.917022228
446.0	0.08263761	0.917132675
448.0	0.082534937	0.91736623
450.0	0.082539875	0.917085084
452.0	0.08248207	0.916953359
454.0	0.082434486	0.916962754
456.0	0.082320537	0.917224162
458.0	0.082232252	0.917342943
460.0	0.082147519	0.917466687
462.0	0.082127384	0.917542412
464.0	0.082041206	0.917601987
466.0	0.082012364	0.917639418
468.0	0.081962392	0.917536053
470.0	0.082044185	0.917543267
472.0	0.082097031	0.91762047
474.0	0.08217444	0.917649355
476.0	0.082229537	0.917697765
478.0	0.082263821	0.917768328
480.0	0.082275225	0.917936483
482.0	0.082299459	0.917974141
484.0	0.082373614	0.917917262
486.0	0.082424107	0.917920684
488.0	0.082470076	0.917906539
490.0	0.082511737	0.918083039
492.0	0.082551065	0.918243824
494.0	0.082563614	0.91858813
496.0	0.082564085	0.918555997
498.0	0.082564949	0.918519086
500.0	0.083188283	0.918543223
502.0	0.083117453	0.918632727
504.0	0.083091316	0.918629921
506.0	0.083072202	0.918273885
508.0	0.083087061	0.918169542
510.0	0.083074777	0.918152268
512.0	0.083032935	0.918330467
514.0	0.082973871	0.918518858
516.0	0.082985238	0.918500462
518.0	0.083002425	0.918612143
520.0	0.083026581	0.918611615
522.0	0.08298403	0.918889862
524.0	0.082958551	0.918853227
526.0	0.082941377	0.918864225
528.0	0.08289804	0.918664421
530.0	0.08288087	0.918585466
532.0	0.082851692	0.918469061
534.0	0.082998178	0.91844589
536.0	0.082932152	0.918358878
538.0	0.082886291	0.918519791
540.0	0.082866463	0.91874565
542.0	0.082791023	0.919102004
544.0	0.082698808	0.919248513
546.0	0.082663583	0.91913221
548.0	0.082642587	0.91906325
550.0	0.082623626	0.918913404
552.0	0.08246442	0.919033224
554.0	0.082334172	0.919056616
556.0	0.08219287	0.91918484
558.0	0.082076819	0.919035961
560.0	0.082008324	0.919169039
562.0	0.081942584	0.919196969
564.0	0.081853611	0.919426306
566.0	0.08168269	0.919056278
568.0	0.081627403	0.918864365
570.0	0.081595682	0.918717639
572.0	0.081600459	0.919027785
574.0	0.081522216	0.919014116
576.0	0.081484146	0.918937838
578.0	0.081423448	0.918887311
580.0	0.081401283	0.919154858
582.0	0.081400842	0.919475695
584.0	0.081474477	0.919435527
586.0	0.081515187	0.9192198
588.0	0.081507327	0.91897558
590.0	0.081521425	0.918698141
592.0	0.081523819	0.918704838
594.0	0.081569375	0.918596998
596.0	0.081560614	0.918792364
598.0	0.081546258	0.918920683
600.0	0.081567942	0.919091105
602.0	0.081582188	0.919180456
604.0	0.081643217	0.918842235
606.0	0.081617904	0.918913634
608.0	0.081615021	0.918934464
610.0	0.081655562	0.919126973
612.0	0.081651413	0.91902753
614.0	0.081678539	0.919012999
616.0	0.081613409	0.919159134
618.0	0.081660009	0.919090781
620.0	0.08163745	0.918861055
622.0	0.081670697	0.918688683
624.0	0.081715539	0.918649103
626.0	0.081767947	0.918603389
628.0	0.081745557	0.918530275
630.0	0.08167677	0.918443711
632.0	0.081651917	0.918707689
634.0	0.081645646	0.918678628
636.0	0.081708349	0.918728172
638.0	0.081754941	0.918610613
640.0	0.08176302	0.918693904
642.0	0.08173528	0.918732145
644.0	0.08171623	0.918528855
646.0	0.081807487	0.918441776
648.0	0.081848641	0.918625472
650.0	0.08179839	0.918751585
652.0	0.081750016	0.918918678
654.0	0.081675891	0.918742689
656.0	0.081651006	0.918643724
658.0	0.081549925	0.918594151
660.0	0.081524731	0.918581871
662.0	0.081533125	0.918734682
664.0	0.081579731	0.918748235
666.0	0.081640893	0.918769617
668.0	0.081688839	0.918771001
670.0	0.08180172	0.918580092
672.0	0.081885986	0.918399482
674.0	0.081977137	0.918336422
676.0	0.082001745	0.918434669
678.0	0.082027791	0.918466269
680.0	0.082089548	0.91837306
682.0	0.082146254	0.918435106
684.0	0.082162912	0.918492824
686.0	0.082089655	0.918320226
688.0	0.082042391	0.918125495
690.0	0.082086047	0.918190512
692.0	0.082128292	0.918681909
694.0	0.082198256	0.918846097
696.0	0.082132961	0.91865826
698.0	0.082145715	0.918615347
700.0	0.082104107	0.918612584
702.0	0.082118668	0.918726331
704.0	0.082114329	0.918470686
706.0	0.082171127	0.918332609
708.0	0.082196118	0.91811292
710.0	0.082265804	0.918208491
712.0	0.082209808	0.918463234
714.0	0.082159755	0.918488801
716.0	0.082182125	0.918585644
718.0	0.082202267	0.918315844
720.0	0.082288189	0.918811551
722.0	0.082294292	0.918705751
724.0	0.08233224	0.918734655
726.0	0.082390404	0.918775549
728.0	0.082320568	0.918750746
730.0	0.082298374	0.919089339
732.0	0.082188232	0.918844345
734.0	0.08216031	0.919023357
736.0	0.082126346	0.918910451
738.0	0.082133899	0.918833192
740.0	0.082141872	0.918350863
742.0	0.082196702	0.918092891
744.0	0.082017009	0.918226229
746.0	0.081965465	0.918483615
748.0	0.081835989	0.918775936
750.0	0.081979802	0.918630169
752.0	0.081982449	0.918494731
754.0	0.082017122	0.918360855
756.0	0.081946893	0.91853732
758.0	0.081969842	0.918507501
760.0	0.081969428	0.918276161
762.0	0.081976495	0.918149934
764.0	0.081901231	0.918165787
766.0	0.081829376	0.918148123
768.0	0.081746839	0.917921564
770.0	0.081677879	0.918018274
772.0	0.081617905	0.918303233
774.0	0.081569963	0.91863026
776.0	0.081529596	0.918665905
778.0	0.081551621	0.918404874
780.0	0.081611565	0.917841274
782.0	0.081762768	0.91738312
784.0	0.081862066	0.917580435
786.0	0.081873456	0.917684939
788.0	0.081844695	0.917992117
790.0	0.081901926	0.917789654
792.0	0.081942027	0.917831031
794.0	0.0819337	0.917764546
796.0	0.081748939	0.917610239
798.0	0.0817294	0.917310669
800.0	0.081735263	0.91721397
802.0	0.081901885	0.917145854
804.0	0.081986938	0.917437618
806.0	0.081890126	0.917442739
808.0	0.081867169	0.91745692
810.0	0.08183824	0.917215843
812.0	0.081908068	0.917093706
814.0	0.08174497	0.917214534
816.0	0.081716631	0.917175603
818.0	0.081763868	0.917262588
820.0	0.081859194	0.91722591
822.0	0.08187192	0.917859898
824.0	0.081868958	0.91798227
826.0	0.081860635	0.918013392
828.0	0.081741443	0.917263354
830.0	0.081732106	0.917104834
832.0	0.08160981	0.916872327
834.0	0.081477997	0.916867364
836.0	0.081486575	0.916816539
838.0	0.081600377	0.916741209
840.0	0.081642176	0.917002046
842.0	0.081391597	0.917238994
844.0	0.081287916	0.917303292
846.0	0.08149131	0.917215464
848.0	0.081642116	0.917033576
850.0	0.081728272	0.91689604
852.0	0.081700929	0.916954247
854.0	0.081783129	0.917197973
856.0	0.081812183	0.916876704
858.0	0.081234672	0.917229945
860.0	0.081553463	0.91693855
862.0	0.081804028	0.917790639
864.0	0.081807798	0.917300293
866.0	0.081720655	0.916677899
868.0	0.08138899	0.917171446
870.0	0.082046319	0.916843111
872.0	0.081955016	0.918307201
874.0	0.080352123	0.917738483
876.0	0.078141336	0.91789745
878.0	0.080071116	0.916820997
880.0	0.083950024	0.916221702
882.0	0.085708395	0.915068657
884.0	0.084857267	0.91587889
886.0	0.081601572	0.916527598
888.0	0.079347762	0.920376401
890.0	0.07828325	0.919344826
892.0	0.075840932	0.917006073
894.0	0.07728044	0.915387971
896.0	0.07726348	0.919036659
898.0	0.079524759	0.92148288
900.0	0.080058021	0.920456703
902.0	0.079053722	0.918127312
904.0	0.077504311	0.917995325
906.0	0.0782024	0.919410748
908.0	0.07821529	0.916493301
910.0	0.079103992	0.917731116
912.0	0.079473707	0.914170296
914.0	0.079866049	0.916342926
916.0	0.082167931	0.915217834
918.0	0.080851279	0.91651248
920.0	0.081167203	0.917927401
922.0	0.079592616	0.916912613
924.0	0.080725706	0.917066713
926.0	0.080804996	0.915202974
928.0	0.081103705	0.915320156
930.0	0.080202686	0.915182974
932.0	0.078809943	0.917392294
934.0	0.080029999	0.917583042
936.0	0.080712624	0.917698422
938.0	0.082112898	0.915173115
940.0	0.081204221	0.917870005
942.0	0.081037094	0.918422929
944.0	0.080245334	0.920294569
946.0	0.08056159	0.919390613
948.0	0.081241369	0.920721686
950.0	0.081661689	0.920740389
952.0	0.081764348	0.919789545
954.0	0.08120925	0.919956337
956.0	0.080534409	0.918864358
958.0	0.079392211	0.919202679
960.0	0.079073249	0.917992421
962.0	0.079107076	0.918154689
964.0	0.080261467	0.917204373
966.0	0.080699763	0.919359091
968.0	0.081502792	0.919518389
970.0	0.080956771	0.920711111
972.0	0.079800941	0.919361078
974.0	0.079009668	0.919816698
976.0	0.079342752	0.918716983
978.0	0.079862024	0.919462743
980.0	0.080330279	0.918452084
982.0	0.078881108	0.917567285
984.0	0.078859384	0.915727351
986.0	0.07890189	0.915889018
988.0	0.080473671	0.916481239
990.0	0.080888923	0.917327771
992.0	0.080503163	0.918347495
994.0	0.079959655	0.918876507
996.0	0.079556483	0.919125702
998.0	0.079847838	0.91888321
1000.0	0.079712321	0.918830896
1002.0	0.079331997	0.91776192
1004.0	0.079495213	0.917174554
1006.0	0.079289756	0.918546678
1008.0	0.079312437	0.919254978
1010.0	0.078820683	0.919518708
1012.0	0.079456205	0.918131433
1014.0	0.079231857	0.918794039
1016.0	0.079043649	0.918689581
1018.0	0.078671147	0.918111412
1020.0	0.079336658	0.917889857
1022.0	0.079536237	0.918186527
1024.0	0.079558012	0.919261305
1026.0	0.079082033	0.918489145
1028.0	0.079318873	0.918883523
1030.0	0.079202855	0.918082379
1032.0	0.079412805	0.919670587
1034.0	0.079512419	0.91979802
1036.0	0.080021873	0.921125495
1038.0	0.080006008	0.919329596
1040.0	0.079597092	0.918643295
1042.0	0.079622731	0.918467107
1044.0	0.079477628	0.918883353
1046.0	0.079906831	0.918663387
1048.0	0.07942683	0.917968551
1050.0	0.079935706	0.919039973
1052.0	0.079961851	0.919248579
1054.0	0.080233991	0.919546117
1056.0	0.079867772	0.919199262
1058.0	0.080092504	0.918591207
1060.0	0.080112888	0.918941861
1062.0	0.08053517	0.918888298
1064.0	0.080271846	0.919654811
1066.0	0.080386839	0.919184817
1068.0	0.079913948	0.918611127
1070.0	0.07958118	0.918848445
1072.0	0.079001544	0.918435883
1074.0	0.078989631	0.918368167
1076.0	0.078749042	0.918707422
1078.0	0.078897422	0.919651958
1080.0	0.078925771	0.919993735
1082.0	0.079531911	0.918776995
1084.0	0.079949603	0.918617038
1086.0	0.079635114	0.91919544
1088.0	0.079452578	0.920450293
1090.0	0.079396791	0.920466216
1092.0	0.079887714	0.9203963
1094.0	0.079493476	0.920330243
1096.0	0.079154906	0.920042066
1098.0	0.079188645	0.919937865
1100.0	0.079416188	0.919773709
1102.0	0.079225694	0.920048219
1104.0	0.07895924	0.919811685
1106.0	0.079008097	0.919717225
1108.0	0.078903017	0.919703366
1110.0	0.078543353	0.920318177
1112.0	0.078240969	0.920132843
1114.0	0.078461924	0.920240594
1116.0	0.079227987	0.919921531
1118.0	0.079541466	0.919864118
1120.0	0.079536321	0.920128646
1122.0	0.079418553	0.919871511
1124.0	0.079098958	0.919813443
1126.0	0.079098441	0.919532329
1128.0	0.078961678	0.919683865
1130.0	0.079014302	0.919820502
1132.0	0.079295193	0.919906107
1134.0	0.079502552	0.920037075
1136.0	0.079380171	0.919662156
1138.0	0.078929728	0.919928634
1140.0	0.078738579	0.920938863
1142.0	0.078843515	0.921125572
1144.0	0.079015325	0.920739754
1146.0	0.078511283	0.919566751
1148.0	0.078782229	0.920178521
1150.0	0.078702133	0.92035482
1152.0	0.079255381	0.920842907
1154.0	0.079031638	0.92024454
1156.0	0.079114064	0.919789623
1158.0	0.078881422	0.919556031
1160.0	0.078931193	0.919996958
1162.0	0.078563875	0.920580656
1164.0	0.07850663	0.920217199
1166.0	0.078572951	0.920068475
1168.0	0.078652804	0.920587061
1170.0	0.07836313	0.920940547
1172.0	0.078215652	0.920690056
1174.0	0.078301655	0.920030876
1176.0	0.078214832	0.920044413
1178.0	0.078380947	0.920888851
1180.0	0.078275619	0.92036818
1182.0	0.078735077	0.92049769
1184.0	0.078502231	0.919719118
1186.0	0.078902461	0.920036612
1188.0	0.078568084	0.920083362
1190.0	0.078518628	0.920807197
1192.0	0.078165668	0.921145114
1194.0	0.078102769	0.921687447
1196.0	0.078073631	0.920852607
1198.0	0.078375964	0.920999841
1200.0	0.078650145	0.920412334
1202.0	0.078749863	0.921476687
1204.0	0.07874164	0.922085347
1206.0	0.078921071	0.921978456
1208.0	0.079007366	0.921313361
1210.0	0.07902267	0.920764001
1212.0	0.078922803	0.920693098
1214.0	0.078992682	0.920591998
1216.0	0.078534223	0.920268925
1218.0	0.078541913	0.920788922
1220.0	0.078165266	0.920816615
1222.0	0.078699145	0.920463369
1224.0	0.078117681	0.919983743
1226.0	0.078040234	0.920317463
1228.0	0.077941671	0.92105558
1230.0	0.078254876	0.920417849
1232.0	0.078411947	0.920549736
1234.0	0.078246422	0.92083533
1236.0	0.07873553	0.92210251
1238.0	0.078959942	0.921336291
1240.0	0.078942527	0.921163027
1242.0	0.078394642	0.921103015
1244.0	0.078411916	0.922000158
1246.0	0.07870781	0.921347654
1248.0	0.078940787	0.920511194
1250.0	0.078737607	0.92018023
1252.0	0.078569831	0.920862833
1254.0	0.078248293	0.921194445
1256.0	0.078330973	0.921634231
1258.0	0.078516159	0.921267594
1260.0	0.078495209	0.921637252
1262.0	0.078020421	0.921422273
1264.0	0.077816182	0.921214009
1266.0	0.078296704	0.92087617
1268.0	0.078888444	0.920609232
1270.0	0.078619401	0.921158606
1272.0	0.07823563	0.921436773
1274.0	0.078314823	0.922113582
1276.0	0.078183725	0.922114221
1278.0	0.077948548	0.921884
1280.0	0.077739235	0.921704861
1282.0	0.078023189	0.921358618
1284.0	0.078433924	0.9214621
1286.0	0.078207659	0.920863358
1288.0	0.078356158	0.921460786
1290.0	0.078004353	0.922154452
1292.0	0.078081113	0.922798655
1294.0	0.077659578	0.922600997
1296.0	0.077483937	0.922141626
1298.0	0.077827643	0.921501643
1300.0	0.077963048	0.921386731
1302.0	0.078201873	0.921592342
1304.0	0.078092017	0.922180869
1306.0	0.078348882	0.921866512
1308.0	0.078233601	0.921218252
1310.0	0.078329487	0.921106398
1312.0	0.078385938	0.921369644
1314.0	0.07856465	0.922049625
1316.0	0.078777849	0.921801428
1318.0	0.07871427	0.921681286
1320.0	0.07900469	0.921417579
1322.0	0.078641862	0.92118839
1324.0	0.078496573	0.921015326
1326.0	0.078661305	0.920186013
1328.0	0.079180274	0.920750511
1330.0	0.079196979	0.921160435
1332.0	0.079483924	0.92138899
1334.0	0.078609872	0.921617406
1336.0	0.078510047	0.921820027
1338.0	0.078028263	0.922556955
1340.0	0.078815533	0.922309003
1342.0	0.079222087	0.92266
1344.0	0.079102614	0.92273093
1346.0	0.078058256	0.923552691
1348.0	0.07822035	0.92259457
1350.0	0.078221162	0.922775581
1352.0	0.078362899	0.921884842
1354.0	0.077712171	0.92213398
1356.0	0.078052505	0.921938006
1358.0	0.07814363	0.92230556
1360.0	0.07836788	0.922175623
1362.0	0.077668128	0.921638484
1364.0	0.077766566	0.92151179
1366.0	0.077555662	0.922273771
1368.0	0.077580585	0.922882112
1370.0	0.077813716	0.922765182
1372.0	0.077997094	0.921751004
1374.0	0.078003639	0.921625878
1376.0	0.078057996	0.92139898
1378.0	0.078241391	0.922449359
1380.0	0.07936067	0.922221042
1382.0	0.078932735	0.922984339
1384.0	0.078731638	0.922621916
1386.0	0.078428381	0.921912076
1388.0	0.078553678	0.920806519
1390.0	0.078382729	0.920293649
1392.0	0.077518829	0.920572292
1394.0	0.077705022	0.920725405
1396.0	0.078068682	0.92118782
1398.0	0.078303384	0.921954971
1400.0	0.078708376	0.922076711
1402.0	0.078578529	0.923018701
1404.0	0.078774316	0.922519741
1406.0	0.078255465	0.922682388
1408.0	0.078252268	0.922143071
1410.0	0.07829224	0.922506152
1412.0	0.078350271	0.922303625
1414.0	0.07797663	0.922558677
1416.0	0.078023675	0.922285836
1418.0	0.0780527	0.922040109
1420.0	0.078063544	0.920677469
1422.0	0.077650176	0.921004973
1424.0	0.07791186	0.921899793
1426.0	0.078242871	0.923547794
1428.0	0.078778002	0.923542561
1430.0	0.078195128	0.922610846
1432.0	0.078371827	0.921624237
1434.0	0.077830004	0.9215679
1436.0	0.078497147	0.923185315
1438.0	0.078128945	0.922618613
1440.0	0.078229395	0.923119304
1442.0	0.078005395	0.921399597
1444.0	0.078404974	0.922247243
1446.0	0.078744417	0.922089682
1448.0	0.078354296	0.923475346
1450.0	0.077563211	0.923429704
1452.0	0.07700972	0.923277871
1454.0	0.077769521	0.922957213
1456.0	0.078161691	0.923270247
1458.0	0.078146876	0.922564915
1460.0	0.077744632	0.923045787
1462.0	0.077701644	0.922871189
1464.0	0.078486741	0.923704838
1466.0	0.078481157	0.924332082
1468.0	0.078206153	0.924169333
1470.0	0.078232942	0.924967484
1472.0	0.078077594	0.923503109
1474.0	0.079013282	0.925136466
1476.0	0.078433104	0.924997467
1478.0	0.077820043	0.925477064
1480.0	0.077666148	0.922884604
1482.0	0.077916842	0.922198332
1484.0	0.07847713	0.921682664
1486.0	0.077867849	0.923153357
1488.0	0.077825739	0.924512039
1490.0	0.077650763	0.925425735
1492.0	0.07777274	0.924915359
1494.0	0.077704679	0.923755678
1496.0	0.078444321	0.923794837
1498.0	0.078355503	0.924454451
1500.0	0.078477425	0.925084164
1502.0	0.077712977	0.92490589
1504.0	0.078074322	0.924322187
1506.0	0.077757941	0.923640918
1508.0	0.07737478	0.924004393
1510.0	0.077512833	0.924089415
1512.0	0.077266736	0.92447572
1514.0	0.077004149	0.924121682
1516.0	0.076282632	0.924803432
1518.0	0.076189782	0.924809342
1520.0	0.07726308	0.925019879
1522.0	0.077808902	0.924220363
1524.0	0.0781676	0.925065634
1526.0	0.078498484	0.925213744
1528.0	0.078339467	0.926092998
1530.0	0.078846137	0.92597014
1532.0	0.07757693	0.927139741
1534.0	0.077717236	0.926856559
1536.0	0.077490865	0.924541047
1538.0	0.078162136	0.924240784
1540.0	0.077962504	0.923905444
1542.0	0.077985865	0.925143613
1544.0	0.078911281	0.924158289
1546.0	0.079279963	0.924369288
1548.0	0.079872229	0.924871572
1550.0	0.079422496	0.924298438
1552.0	0.079509804	0.924232679
1554.0	0.07917823	0.92428601
1556.0	0.078962901	0.924292912
1558.0	0.079181275	0.925231727
1560.0	0.078541396	0.925425758
1562.0	0.078388745	0.92551164
1564.0	0.07724167	0.925660245
1566.0	0.076843005	0.926111936
1568.0	0.076152676	0.925412721
1570.0	0.076892073	0.924344369
1572.0	0.077528668	0.923255857
1574.0	0.078081379	0.925547164
1576.0	0.076785284	0.926097068
1578.0	0.075233333	0.926967752
1580.0	0.074525874	0.925834934
1582.0	0.074160707	0.926008584
1584.0	0.075167027	0.923707579
1586.0	0.075356625	0.92328542
1588.0	0.076210817	0.920707495
1590.0	0.076690983	0.924364868
1592.0	0.077406794	0.923883325
1594.0	0.077033392	0.925872605
1596.0	0.076810548	0.924008222
1598.0	0.076145329	0.924839099
1600.0	0.077188829	0.925219676
1602.0	0.076956427	0.926089456
1604.0	0.077240105	0.926440609
1606.0	0.077014421	0.924096546
1608.0	0.076794283	0.923475935
1610.0	0.076272312	0.923130226
1612.0	0.076521078	0.925296526
1614.0	0.078359088	0.923424961
1616.0	0.078598005	0.923933427
1618.0	0.077711479	0.92261233
1620.0	0.077030114	0.923715856
1622.0	0.077339959	0.924262551
1624.0	0.078033323	0.924489562
1626.0	0.078361882	0.924899765
1628.0	0.078084966	0.923108965
1630.0	0.078378718	0.925199312
1632.0	0.076537743	0.923891531
1634.0	0.077148488	0.924698112
1636.0	0.077321934	0.923697743
1638.0	0.07717523	0.92544221
1640.0	0.077132155	0.923658997
1642.0	0.075936018	0.923536641
1644.0	0.077090602	0.921232412
1646.0	0.076390221	0.922954257
1648.0	0.077155168	0.922336147
1650.0	0.076413853	0.92439212
1652.0	0.076983353	0.926398815
1654.0	0.076494443	0.924878819
1656.0	0.076055294	0.924596229
1658.0	0.074554641	0.921960258
1660.0	0.074974437	0.922247636
1662.0	0.076026702	0.924468602
1664.0	0.077030545	0.924133087
1666.0	0.078145448	0.925136392
1668.0	0.078191959	0.923092045
1670.0	0.078349125	0.924119657
1672.0	0.078300453	0.924038773
1674.0	0.078210734	0.924035707
1676.0	0.07889873	0.925539202
1678.0	0.077841996	0.926544624
1680.0	0.078234386	0.926858126
1682.0	0.077823944	0.924110099
1684.0	0.077612544	0.924179234
1686.0	0.077723102	0.924297454
1688.0	0.078462904	0.925353967
1690.0	0.078931424	0.925160932
1692.0	0.077556578	0.924720347
1694.0	0.077421516	0.923977824
1696.0	0.076888435	0.925049404
1698.0	0.076490716	0.925019324
1700.0	0.076738118	0.928541829
1702.0	0.076931006	0.928498317
1704.0	0.078791435	0.92772491
1706.0	0.075501728	0.92716656
1708.0	0.072726834	0.924951364
1710.0	0.07328808	0.925354408
1712.0	0.075406493	0.920726244
1714.0	0.078346471	0.921054307
1716.0	0.077465202	0.922033458
1718.0	0.078337871	0.92319593
1720.0	0.077986551	0.920704539
1722.0	0.078687993	0.918159186
1724.0	0.079522857	0.91847838
1726.0	0.079447875	0.920555241
1728.0	0.079822309	0.921824215
1730.0	0.077547693	0.922123408
1732.0	0.077985534	0.925292892
1734.0	0.076336985	0.926589338
1736.0	0.077406686	0.930638089
1738.0	0.077388107	0.929814259
1740.0	0.077828615	0.929921589
1742.0	0.076689415	0.927088001
1744.0	0.077253237	0.930210004
1746.0	0.076614456	0.929744422
1748.0	0.079304288	0.928581176
1750.0	0.07703655	0.924477859
1752.0	0.075650053	0.92447524
1754.0	0.071704172	0.928278773
1756.0	0.071828725	0.929677452
1758.0	0.072121717	0.929563887
1760.0	0.074095867	0.928076105
1762.0	0.075464899	0.928872571
1764.0	0.076592475	0.928916542
1766.0	0.077226852	0.927058989
1768.0	0.076618517	0.927383029
1770.0	0.077143059	0.928158252
1772.0	0.075885097	0.929175926
1774.0	0.074565533	0.928953941
1776.0	0.076614883	0.929689012
1778.0	0.077069397	0.930801741
1780.0	0.077599743	0.927064294
1782.0	0.074758277	0.927251126
1784.0	0.072125988	0.925486544
1786.0	0.070876947	0.926055968
1788.0	0.069533767	0.923633187
1790.0	0.073939742	0.925156864
1792.0	0.076491782	0.928059452
1794.0	0.078001648	0.927549341
1796.0	0.076941199	0.92616604
1798.0	0.078876413	0.924732914
1800.0	0.079206448	0.923340632
1802.0	0.078883523	0.923004159
1804.0	0.075651116	0.926789263
1806.0	0.076178317	0.926632855
1808.0	0.07698239	0.927413228
1810.0	0.077651657	0.923597943
1812.0	0.077159617	0.928400893
1814.0	0.075426285	0.929288649
1816.0	0.076764052	0.930243299
1818.0	0.075489536	0.928449668
1820.0	0.076502995	0.924433962
1822.0	0.077017444	0.925544887
1824.0	0.079113347	0.925184557
1826.0	0.078363952	0.927170319
1828.0	0.077323048	0.926093531
1830.0	0.077417269	0.926865072
1832.0	0.075967398	0.926814526
1834.0	0.074679057	0.924691131
1836.0	0.072636841	0.921978997
1838.0	0.072200941	0.921596077
1840.0	0.073611678	0.919373171
1842.0	0.075569339	0.920008641
1844.0	0.078718864	0.920699967
1846.0	0.07843886	0.921473406
1848.0	0.076925283	0.923654203
1850.0	0.076245526	0.923496602
1852.0	0.076603226	0.925730915
1854.0	0.075421803	0.925961187
1856.0	0.074214381	0.924271365
1858.0	0.074529643	0.923229214
1860.0	0.073991936	0.923144523
1862.0	0.075545714	0.924670866
1864.0	0.074580513	0.927828047
1866.0	0.077421224	0.923669794
1868.0	0.076032484	0.923851157
1870.0	0.073875481	0.922810831
1872.0	0.075008668	0.923387375
1874.0	0.076285288	0.925923157
1876.0	0.080826442	0.925519221
1878.0	0.079931338	0.930927325
1880.0	0.079191855	0.927775014
1882.0	0.077192312	0.924679052
1884.0	0.074267901	0.923678717
1886.0	0.075360004	0.926371333
1888.0	0.073785331	0.930420655
1890.0	0.075903682	0.929931191
1892.0	0.076714465	0.932833575
1894.0	0.076463529	0.929064444
1896.0	0.075369013	0.929618746
1898.0	0.072439396	0.924317237
1900.0	0.076142766	0.921483262
1902.0	0.077995398	0.921693552
1904.0	0.078341145	0.914046511
1906.0	0.076419902	0.915678045
1908.0	0.07770156	0.911934789
1910.0	0.07880023	0.921263413
1912.0	0.077093841	0.920321854
1914.0	0.074300185	0.921274679
1916.0	0.074076303	0.919016601
1918.0	0.075276249	0.920747136
1920.0	0.075776396	0.923006355
1922.0	0.07360041	0.921648379
1924.0	0.071501761	0.92521481
1926.0	0.074165576	0.926878617
1928.0	0.073399022	0.932526806
1930.0	0.075731873	0.928524305
1932.0	0.072609398	0.923849207
1934.0	0.072958261	0.915686614
1936.0	0.073750694	0.918393632
1938.0	0.074617814	0.919678451
1940.0	0.076303803	0.921676402
1942.0	0.074539471	0.925095547
1944.0	0.07463483	0.932980218
1946.0	0.076822849	0.938969391
1948.0	0.078188301	0.938701939
1950.0	0.08019974	0.934981993
1952.0	0.080429117	0.931314938
1954.0	0.078085536	0.922027967
1956.0	0.078484102	0.914316998
1958.0	0.079918195	0.915951452
1960.0	0.0826597	0.921937755
1962.0	0.079387192	0.919184389
1964.0	0.079499491	0.915101897
1966.0	0.07842342	0.91650346
1968.0	0.080550141	0.921481254
1970.0	0.079802744	0.928469049
1972.0	0.079465214	0.928069434
1974.0	0.07599245	0.929925583
1976.0	0.073671838	0.92761219
1978.0	0.07297351	0.927175908
1980.0	0.077701222	0.929568879
1982.0	0.078154349	0.928215532
1984.0	0.0788216	0.920430138
1986.0	0.075583697	0.918288063
1988.0	0.074563008	0.918923978
1990.0	0.076900208	0.923980377
1992.0	0.077679678	0.927510599
1994.0	0.075226439	0.926237805
1996.0	0.073463269	0.927161786
1998.0	0.071820848	0.924890797
2000.0	0.072636028	0.929294234
2002.0	0.073660564	0.928949199
2004.0	0.076270184	0.929653394
2006.0	0.081270443	0.933567457
2008.0	0.082221399	0.933708639
2010.0	0.081082816	0.9304602
2012.0	0.080270057	0.921201198
2014.0	0.078348246	0.930964161
2016.0	0.075342895	0.932312901
2018.0	0.070582697	0.92980749
2020.0	0.073064869	0.917920492
2022.0	0.07692223	0.918063243
2024.0	0.071037042	0.92409307
2026.0	0.067105149	0.923261935
2028.0	0.06998363	0.916157085
2030.0	0.077983767	0.913924274
2032.0	0.075227202	0.917205111
2034.0	0.071184233	0.925099006
2036.0	0.069380894	0.931627014
2038.0	0.072808504	0.933246631
2040.0	0.070392514	0.928171667
2042.0	0.074377061	0.920256552
2044.0	0.073940389	0.922723128
2046.0	0.079612976	0.925376547
2048.0	0.07839405	0.920221728
2050.0	0.078475429	0.915326618
2052.0	0.074328429	0.916963189
2054.0	0.074601122	0.916282681
2056.0	0.080511135	0.920756144
2058.0	0.082143569	0.91659639
2060.0	0.080465707	0.919253247
2062.0	0.076571793	0.914456394
2064.0	0.081355668	0.92550107
2066.0	0.08150496	0.930125627
2068.0	0.08166791	0.928949015
2070.0	0.075423869	0.920196195
2072.0	0.076618853	0.918641187
2074.0	0.072656231	0.914803197
2076.0	0.072257434	0.911444412
2078.0	0.074863751	0.907786205
2080.0	0.073515676	0.915387691
2082.0	0.074782303	0.923241405
2084.0	0.072394018	0.925811691
2086.0	0.078652307	0.926169596
2088.0	0.081545119	0.922861715
2090.0	0.081692343	0.928409424
2092.0	0.080779157	0.913700891
2094.0	0.073833328	0.916419667
2096.0	0.075647612	0.912133479
2098.0	0.072671317	0.931206221
2100.0	0.074797232	0.926976307
2102.0	0.067958721	0.935823451
2104.0	0.068581268	0.915198386
2106.0	0.075678164	0.915848072
2108.0	0.078561478	0.909736592
2110.0	0.075216487	0.923773248
2112.0	0.070114916	0.929229211
2114.0	0.075183367	0.928545965
2116.0	0.074042687	0.93190909
2118.0	0.075530391	0.917738548
2120.0	0.07183512	0.917339522
2122.0	0.076151996	0.910965449
2124.0	0.073515593	0.907701373
2126.0	0.072965091	0.909887538
2128.0	0.081547488	0.909761271
2130.0	0.083149422	0.916408201
2132.0	0.087179316	0.910308538
2134.0	0.08232662	0.913143568
2136.0	0.076412736	0.915101222
2138.0	0.074169762	0.912603666
2140.0	0.067566159	0.92007443
2142.0	0.075726737	0.915059715
2144.0	0.078567551	0.915857866
2146.0	0.085027416	0.90360791
2148.0	0.079821679	0.91530214
2150.0	0.069290566	0.908047961
2152.0	0.069920707	0.912081307
2154.0	0.073693118	0.90339434
2156.0	0.080599298	0.90576636
2158.0	0.073313061	0.908478609
2160.0	0.068469666	0.916475304
2162.0	0.074161388	0.926044036
2164.0	0.078100453	0.937826621
2166.0	0.085719486	0.936769559
2168.0	0.085867677	0.927810144
2170.0	0.089218696	0.912052167
2172.0	0.078774791	0.907119112
2174.0	0.07174581	0.913212663
2176.0	0.070261384	0.921890602
2178.0	0.079418124	0.912461008
2180.0	0.076821751	0.910851358
2182.0	0.077421614	0.898429684
2184.0	0.077797686	0.913762518
2186.0	0.080030034	0.914382559
2188.0	0.074951354	0.905935039
2190.0	0.072713119	0.902920558
2192.0	0.068259279	0.90177223
2194.0	0.072961248	0.91291848
2196.0	0.069476996	0.913233243
2198.0	0.068562075	0.911845725
2200.0	0.059962951	0.904475534
2202.0	0.054477509	0.908971323
2204.0	0.058873805	0.913121797
2206.0	0.06165157	0.923009852
2208.0	0.067594942	0.918953629
2210.0	0.062878847	0.909824591
2212.0	0.071249524	0.920315313
2214.0	0.07455535	0.920208817
2216.0	0.077591116	0.935432114
2218.0	0.080173945	0.927421448
2220.0	0.069229347	0.922642479
2222.0	0.074659065	0.92216326
2224.0	0.0700345	0.906949421
2226.0	0.087745686	0.91052292
2228.0	0.08490133	0.892434438
2230.0	0.086665768	0.91521474
2232.0	0.075141116	0.916254236
2234.0	0.076138338	0.940458538
2236.0	0.075921449	0.935909486
2238.0	0.078523602	0.918018673
2240.0	0.081546779	0.897466476
2242.0	0.076817464	0.892053994
2244.0	0.080574943	0.904555038
2246.0	0.069707844	0.921120404
2248.0	0.070924315	0.908333787
2250.0	0.06814818	0.912585876
2252.0	0.071899656	0.90905418
2254.0	0.072147646	0.922607782
2256.0	0.072416271	0.919607627
2258.0	0.080450477	0.923324293
2260.0	0.077435816	0.922895664
2262.0	0.081335138	0.920859099
2264.0	0.074448316	0.916330346
2266.0	0.074949922	0.918408229
2268.0	0.069509314	0.919105583
2270.0	0.075271264	0.926157612
2272.0	0.071125804	0.922836395
2274.0	0.067441762	0.918414697
2276.0	0.059009509	0.91001709
2278.0	0.062428347	0.915673907
2280.0	0.067185223	0.926448442
2282.0	0.074731312	0.92801492
2284.0	0.075905622	0.92129487
2286.0	0.07928568	0.914324236
2288.0	0.070503934	0.908322516
2290.0	0.067547234	0.91533891
2292.0	0.062935081	0.917785852
2294.0	0.071627827	0.921665465
2296.0	0.074811985	0.918993133
2298.0	0.074639927	0.924700886
2300.0	0.075864638	0.920818648
2302.0	0.080514462	0.913514352
2304.0	0.073712793	0.913041177
2306.0	0.069395937	0.90862657
2308.0	0.065519422	0.910719697
2310.0	0.072599436	0.896280653
2312.0	0.077623353	0.902557894
2314.0	0.08508573	0.895989813
2316.0	0.088185571	0.904110469
2318.0	0.0881269	0.912480926
2320.0	0.088614157	0.913339951
2322.0	0.089966174	0.917591701
2324.0	0.074755686	0.903229186
2326.0	0.066160488	0.90995553
2328.0	0.058587692	0.916854997
2330.0	0.066794999	0.907960165
2332.0	0.066151172	0.913077469
2334.0	0.066911025	0.908099369
2336.0	0.061931393	0.923590031
2338.0	0.060882729	0.92563479
2340.0	0.067688512	0.909251523
2342.0	0.079221043	0.91002695
2344.0	0.079794235	0.918052109
2346.0	0.072544725	0.943441902
2348.0	0.067223696	0.949970861
2350.0	0.070391766	0.931455191
2352.0	0.074950603	0.918217215
2354.0	0.084399601	0.91181141
2356.0	0.097857745	0.909558285
2358.0	0.103191285	0.929527373
2360.0	0.095826314	0.926546697
2362.0	0.083127434	0.931302193
2364.0	0.078425436	0.92591174
2366.0	0.073425942	0.923858801
2368.0	0.075987562	0.921274375
2370.0	0.075936399	0.913162138
2372.0	0.082581391	0.914662015
2374.0	0.072225531	0.923872259
2376.0	0.06424636	0.915658698
2378.0	0.068652882	0.908835089
2380.0	0.082164725	0.91843752
2382.0	0.091417991	0.918048907
2384.0	0.088847558	0.911451314
2386.0	0.068697425	0.897426578
2388.0	0.069396462	0.895394162
2390.0	0.070444103	0.905571812
2392.0	0.081238138	0.890944213
2394.0	0.076508873	0.879834847
2396.0	0.072554586	0.911292023
2398.0	0.067335518	0.926548404
2400.0	0.077379306	0.946737337
2402.0	0.079142361	0.908956949
2404.0	0.087947671	0.895337387
2406.0	0.073004202	0.878747443
2408.0	0.065040664	0.892321112
2410.0	0.052960279	0.913468547
2412.0	0.058865489	0.935191562
2414.0	0.057497915	0.921090658
2416.0	0.073273738	0.903224497
2418.0	0.052695555	0.898360205
2420.0	0.061648359	0.899778683
2422.0	0.059298919	0.89584114
2424.0	0.095615618	0.931031997
2426.0	0.099138888	0.955055537
2428.0	0.085217924	0.974880033
2430.0	0.076784991	0.93338323
2432.0	0.073854926	0.911742299
2434.0	0.098229438	0.897440854
2436.0	0.107111945	0.921207227
2438.0	0.100097992	0.934361434
2440.0	0.079882651	0.922485432
2442.0	0.065731551	0.901461906
2444.0	0.069718725	0.901197851
2446.0	0.077394212	0.899505491
2448.0	0.070017235	0.895719801
2450.0	0.068449178	0.890077386
2452.0	0.066302656	0.89707159
2454.0	0.067759429	0.92421001
2456.0	0.062756327	0.913914252
2458.0	0.0674859	0.906218055
2460.0	0.078415677	0.879904334
2462.0	0.069269393	0.899908757
2464.0	0.081413709	0.915033975
2466.0	0.080372704	0.908052309
2468.0	0.099513377	0.895317869
2470.0	0.080157074	0.878218374
2472.0	0.063642698	0.909095706
2474.0	0.054183468	0.894845724
2476.0	0.065853749	0.899712991
2478.0	0.071532042	0.893252
2480.0	0.094634627	0.933024296
2482.0	0.07806588	0.918553132
2484.0	0.079747139	0.885266772
2486.0	0.082505712	0.868716574
2488.0	0.08305236	0.886747395
2490.0	0.081619974	0.897153844
2492.0	0.064779165	0.935795671
2494.0	0.070765285	0.957463165
2496.0	0.073695894	0.965623476
2498.0	0.076889171	0.908576616
2500.0	0.084566668	0.891207198
