label	Reflectance (specular) - 800	Reflectance (specular) - 875	Reflectance (diffuse)	Transmittance (diffuse)
details	grating 800nm, detector 900nm	grating 875nm, detector 875nm	Inverse of certified Spectralon	grating 875nm, detector 875nm
Wavelength [nm]	instr resp R_spec 800	instr resp R_spec 875	instr resp R_diff	instr resp T_diff
200	0.98	0.98	inf	inf
202	0.98	0.98		
204	0.98	0.98		
206	0.98	0.98		
208	0.98	0.98		
210	0.98	0.98		
212	0.98	0.98		
214	0.98	0.98		
216	0.98	0.98		
218	0.98	0.98		
220	0.98	0.98		
222	0.98	0.98		
224	0.98	0.98		
226	0.98	0.98		
228	0.98	0.98		
230	0.98	0.98		
232	0.98	0.98		
234	0.98	0.98		
236	0.98	0.98		
238	0.98	0.98		
240	0.98	0.98		
242	0.98	0.98		
244	0.98	0.98		
246	0.98	0.98		
248	0.98	0.98		
250	0.98	0.98	1.058948112	
252	0.98	0.98	1.05764146	
254	0.98	0.98	1.05764146	
256	0.98	0.98	1.056245049	
258	0.98	0.98	1.055966209	
260	0.98	0.98	1.05374078	
262	0.98	0.98	1.052077854	
264	0.98	0.98	1.049593283	
266	0.98	0.98	1.049042748	
268	0.98	0.98	1.047668937	
270	0.98	0.98	1.047120419	
272	0.98	0.98	1.046846375	
274	0.98	0.98	1.044932079	
276	0.98	0.98	1.04465918	
278	0.98	0.98	1.043024772	
280	0.98	0.98	1.042209484	
282	0.98	0.98	1.041124414	
284	0.98	0.98	1.037882719	
286	0.98	0.98	1.038691249	
288	0.98	0.98	1.035196687	
290	0.98	0.98	1.034661148	
292	0.98	0.98	1.033324722	
294	0.98	0.98	1.032258065	
296	0.98	0.98	1.030131342	
298	0.98	0.98	1.02960103	
300	0.979306776	0.979306776	1.028542042	0.973058113
302	0.980254025	0.980254025	1.028013364	0.972802941
304	0.980363806	0.980363806	1.028013364	0.972386036
306	0.980298122	0.980298122	1.026957638	0.970648845
308	0.979456232	0.979456232	1.026694045	0.969830937
310	0.979252083	0.979252083	1.026167265	0.969316126
312	0.978289444	0.978289444	1.025904078	0.968524256
314	0.979096431	0.979096431	1.024327785	0.967501292
316	0.978467785	0.978467785	1.02380343	0.96619551
318	0.977547102	0.977547102	1.02223358	0.965159017
320	0.976980231	0.976980231	1.02223358	0.964102198
322	0.97677353	0.97677353	1.020929045	0.963848068
324	0.976236432	0.976236432	1.020668538	0.962571366
326	0.975652869	0.975652869	1.020408163	0.962634891
328	0.975216651	0.975216651	1.020929045	0.961627938
330	0.975168728	0.975168728	1.019887812	0.961424961
332	0.974373142	0.974373142	1.018589254	0.960518045
334	0.97417624	0.97417624	1.01910828	0.959897917
336	0.973651929	0.973651929	1.017811705	0.958889526
338	0.973365514	0.973365514	1.018329939	0.958730818
340	0.974008368	0.974008368	1.017293998	0.957765845
342	0.973712669	0.973712669	1.017293998	0.957348724
344	0.973794841	0.973794841	1.018589254	0.95625749
346	0.974289877	0.974289877	1.016518424	0.955506952
348	0.974080662	0.974080662	1.016776817	0.955191287
350	0.973904702	0.973904702	1.016260163	0.954670373
352	0.973676366	0.973676366	1.016260163	0.9540068
354	0.973689266	0.973689266	1.016260163	0.953615741
356	0.973758966	0.973758966	1.015486164	0.953184184
358	0.974381913	0.974381913	1.016518424	0.952923738
360	0.974203358	0.974203358	1.015744033	0.952854137
362	0.973510859	0.973510859	1.016002032	0.952396259
364	0.972584076	0.972584076	1.015228426	0.952020192
366	0.973027163	0.973027163	1.014455998	0.951058938
368	0.97310342	0.97310342	1.013684744	0.950496731
370	0.97324216	0.97324216	1.014198783	0.950227782
372	0.973019456	0.973019456	1.014713343	0.949214841
374	0.97269136	0.97269136	1.013684744	0.948832576
376	0.972504757	0.972504757	1.014198783	0.948894033
378	0.972250436	0.972250436	1.013941698	0.948105292
380	0.972502777	0.972502777	1.013941698	0.947934329
382	0.972552688	0.972552688	1.014198783	0.947813533
384	0.972779111	0.972779111	1.013171226	0.947645277
386	0.972540816	0.972540816	1.012401924	0.946556139
388	0.972507776	0.972507776	1.013171226	0.946044881
390	0.972822685	0.972822685	1.012401924	0.945740318
392	0.972979767	0.972979767	1.012145749	0.945569365
394	0.973460822	0.973460822	1.011633789	0.945301685
396	0.974021404	0.974021404	1.010866818	0.944624688
398	0.973954354	0.973954354	1.011122346	0.944572578
400	0.974199152	0.974199152	1.011633789	0.944333124
402	0.974061755	0.974061755	1.011122346	0.943945789
404	0.973929158	0.973929158	1.011122346	0.943718215
406	0.973928281	0.973928281	1.01061142	0.943392663
408	0.974165857	0.974165857	1.010866818	0.943147816
410	0.974210794	0.974210794	1.010356151	0.942971415
412	0.974378002	0.974378002	1.011122346	0.942695028
414	0.974813239	0.974813239	1.011122346	0.942481243
416	0.974947192	0.974947192	1.011122346	0.942217776
418	0.975130464	0.975130464	1.011122346	0.941818467
420	0.975277202	0.975277202	1.010356151	0.941609025
422	0.975404435	0.975404435	1.010356151	0.941432454
424	0.975104002	0.975104002	1.011889704	0.940805077
426	0.975355291	0.975355291	1.011122346	0.940262911
428	0.975328843	0.975328843	1.01010101	0.940238821
430	0.975660965	0.975660965	1.010866818	0.939834446
432	0.975981751	0.975981751	1.010866818	0.939351032
434	0.976064675	0.976064675	1.01010101	0.939276213
436	0.975933491	0.975933491	1.010356151	0.938984203
438	0.976088884	0.976088884	1.011122346	0.938432619
440	0.976141753	0.976141753	1.01061142	0.937816363
442	0.976230918	0.976230918	1.010356151	0.937624221
444	0.97633349	0.97633349	1.01010101	0.937283457
446	0.976217909	0.976217909	1.01010101	0.936891708
448	0.976228214	0.976228214	1.010356151	0.936455608
450	0.976255699	0.976255699	1.010866818	0.935861171
452	0.976511923	0.976511923	1.010866818	0.935460636
454	0.976265982	0.976265982	1.010356151	0.935004569
456	0.976224556	0.976224556	1.01010101	0.934761593
458	0.976152274	0.976152274	1.01010101	0.934500126
460	0.976155083	0.976155083	1.010866818	0.934090931
462	0.976037553	0.976037553	1.011122346	0.933656913
464	0.975947949	0.975947949	1.011122346	0.933305555
466	0.976145299	0.976145299	1.010866818	0.933007938
468	0.976177796	0.976177796	1.01010101	0.932752394
470	0.976279334	0.976279334	1.01010101	0.932281329
472	0.976572568	0.976572568	1.01061142	0.931715245
474	0.976979018	0.976979018	1.009591116	0.930759289
476	0.977072171	0.977072171	1.01010101	0.930567254
478	0.977112639	0.977112639	1.009591116	0.930163697
480	0.97732022	0.97732022	1.009845998	0.930216005
482	0.977127377	0.977127377	1.008827238	0.92969041
484	0.976995895	0.976995895	1.009081736	0.929068932
486	0.976673352	0.976673352	1.01010101	0.929036034
488	0.976713698	0.976713698	1.009336361	0.928413735
490	0.976560122	0.976560122	1.009336361	0.928385081
492	0.976545978	0.976545978	1.009845998	0.927733401
494	0.976450963	0.976450963	1.009081736	0.92744909
496	0.976307425	0.976307425	1.009081736	0.927148305
498	0.97625835	0.97625835	1.009591116	0.927005398
500	0.976175016	0.976175016	1.010356151	0.926397888
502	0.975837786	0.975837786	1.009591116	0.926550623
504	0.976120221	0.976120221	1.009845998	0.926032048
506	0.976043568	0.976043568	1.008827238	0.925845922
508	0.976185699	0.976185699	1.008827238	0.925364563
510	0.975871515	0.975871515	1.009591116	0.925103155
512	0.975435103	0.975435103	1.009591116	0.924395948
514	0.975593576	0.975593576	1.009081736	0.924165218
516	0.975453996	0.975453996	1.01010101	0.923831198
518	0.975434635	0.975434635	1.010356151	0.923434405
520	0.975219592	0.975219592	1.01010101	0.923569623
522	0.975282119	0.975282119	1.009845998	0.923105415
524	0.975200803	0.975200803	1.009845998	0.92289682
526	0.975547828	0.975547828	1.009591116	0.922751759
528	0.975487653	0.975487653	1.009591116	0.922403069
530	0.97506907	0.97506907	1.009336361	0.922146626
532	0.974693943	0.974693943	1.009081736	0.921802924
534	0.974382622	0.974382622	1.009336361	0.921407177
536	0.974658791	0.974658791	1.01010101	0.921420775
538	0.974379855	0.974379855	1.009336361	0.921137126
540	0.974327356	0.974327356	1.009845998	0.92081974
542	0.974119663	0.974119663	1.009845998	0.920523201
544	0.974200455	0.974200455	1.009845998	0.919902719
546	0.974172864	0.974172864	1.01010101	0.919957772
548	0.974042016	0.974042016	1.01010101	0.919417579
550	0.973906959	0.973906959	1.009336361	0.919271441
552	0.97397761	0.97397761	1.009081736	0.919052073
554	0.973934673	0.973934673	1.009591116	0.919072479
556	0.973942377	0.973942377	1.009081736	0.9187057
558	0.973633127	0.973633127	1.009336361	0.91885406
560	0.973635096	0.973635096	1.01010101	0.918539581
562	0.973473984	0.973473984	1.01010101	0.918047165
564	0.973228943	0.973228943	1.009336361	0.917787291
566	0.973021622	0.973021622	1.009845998	0.917760579
568	0.97325266	0.97325266	1.009845998	0.917644126
570	0.973400748	0.973400748	1.009845998	0.917117384
572	0.97336744	0.97336744	1.01010101	0.917097953
574	0.973403821	0.973403821	1.009845998	0.916769399
576	0.97361869	0.97361869	1.009336361	0.916585482
578	0.973759485	0.973759485	1.009845998	0.916661536
580	0.973641801	0.973641801	1.008827238	0.916223232
582	0.973643846	0.973643846	1.009081736	0.916158275
584	0.973797992	0.973797992	1.010866818	0.915961964
586	0.97398689	0.97398689	1.010356151	0.9153424
588	0.974023163	0.974023163	1.01010101	0.915347078
590	0.974262867	0.974262867	1.009845998	0.915222701
592	0.974224785	0.974224785	1.009081736	0.914874175
594	0.97428458	0.97428458	1.009336361	0.914614951
596	0.97427531	0.97427531	1.01010101	0.914427768
598	0.974296178	0.974296178	1.01010101	0.914315672
600	0.973290155	0.973290155	1.01010101	0.914300538
602	0.97333706	0.97333706	1.01010101	0.913920365
604	0.973395189	0.973395189	1.009845998	0.9135752
606	0.97347264	0.97347264	1.009845998	0.913223869
608	0.973438654	0.973438654	1.010866818	0.913179675
610	0.973422114	0.973422114	1.010356151	0.913362452
612	0.973227339	0.973227339	1.01010101	0.913123716
614	0.973532049	0.973532049	1.01061142	0.912950901
616	0.973715264	0.973715264	1.009845998	0.912875184
618	0.973932773	0.973932773	1.009845998	0.912327553
620	0.973975754	0.973975754	1.01010101	0.912074441
622	0.974096023	0.974096023	1.01010101	0.911953044
624	0.974228947	0.974228947	1.01061142	0.911604087
626	0.974446466	0.974446466	1.01010101	0.911294365
628	0.974450118	0.974450118	1.01010101	0.911127461
630	0.974637698	0.974637698	1.01010101	0.911077032
632	0.97489277	0.97489277	1.01010101	0.910889952
634	0.97531931	0.97531931	1.010356151	0.910516315
636	0.975671189	0.975671189	1.010356151	0.910285531
638	0.975919863	0.975919863	1.01010101	0.910451528
640	0.976115187	0.976115187	1.01010101	0.910076824
642	0.97628836	0.97628836	1.01010101	0.909815933
644	0.97666621	0.97666621	1.010356151	0.909618293
646	0.976963716	0.976963716	1.010356151	0.909231668
648	0.97750896	0.97750896	1.01010101	0.909267791
650	0.977706984	0.977706984	1.010866818	0.909198045
652	0.977758878	0.977758878	1.010356151	0.90846783
654	0.977903541	0.977903541	1.01010101	0.908542928
656	0.978124702	0.978124702	1.01010101	0.908239437
658	0.978436414	0.978436414	1.010866818	0.907863492
660	0.978662823	0.978662823	1.010356151	0.907814375
662	0.978873169	0.978873169	1.01010101	0.907484711
664	0.979344981	0.979344981	1.01010101	0.907278018
666	0.97990398	0.97990398	1.01010101	0.90726233
668	0.980494499	0.980494499	1.01010101	0.907028883
670	0.981067692	0.981067692	1.010356151	0.907142884
672	0.981301247	0.981301247	1.010356151	0.906926253
674	0.981913351	0.981913351	1.01010101	0.906585253
676	0.982381945	0.982381945	1.01010101	0.906767269
678	0.982875219	0.982875219	1.01010101	0.906774699
680	0.983068435	0.983068435	1.009845998	0.90655182
682	0.983183309	0.983183309	1.010356151	0.90627955
684	0.983439632	0.983439632	1.009591116	0.906315601
686	0.983484138	0.983484138	1.01010101	0.905443883
688	0.983344733	0.983344733	1.01061142	0.905729926
690	0.983479289	0.983479289	1.009845998	0.905530463
692	0.984058217	0.984058217	1.01010101	0.905122156
694	0.984600965	0.984600965	1.010356151	0.904509859
696	0.984890648	0.984890648	1.009845998	0.904547991
698	0.985268151	0.985268151	1.009845998	0.904611762
700	0.985453081	0.985453081	1.009591116	0.904401429
702	0.98615885	0.98615885	1.010356151	0.904621676
704	0.986387619	0.986387619	1.009081736	0.904308853
706	0.986635076	0.986635076	1.009845998	0.903840024
708	0.986667904	0.986667904	1.01061142	0.903460833
710	0.987191338	0.987191338	1.009336361	0.902931084
712	0.987604775	0.987604775	1.009336361	0.902827455
714	0.987909849	0.987909849	1.009845998	0.902895246
716	0.988588868	0.988588868	1.009845998	0.902663905
718	0.98892485	0.98892485	1.01010101	0.90216506
720	0.989009441	0.989009441	1.01010101	0.901640517
722	0.989216702	0.989216702	1.01010101	0.901491941
724	0.989644304	0.989644304	1.009336361	0.901480383
726	0.990180659	0.990180659	1.009336361	0.901264173
728	0.990613617	0.990613617	1.009336361	0.901370335
730	0.991152573	0.991152573	1.009336361	0.901010897
732	0.991389133	0.991389133	1.009845998	0.900588435
734	0.991615915	0.991615915	1.009081736	0.90032622
736	0.992026142	0.992026142	1.009336361	0.900629584
738	0.992427043	0.992427043	1.009336361	0.900304209
740	0.992980645	0.992980645	1.009336361	0.900487652
742	0.992978978	0.992978978	1.01010101	0.900157304
744	0.99303011	0.99303011	1.010356151	0.899958331
746	0.993630702	0.993630702	1.01010101	0.899914978
748	0.993892535	0.993892535	1.009845998	0.898931243
750	0.99434508	0.99434508	1.009591116	0.89840517
752	0.994559502	0.994559502	1.009336361	0.898301368
754	0.995375897	0.995375897	1.009845998	0.898463654
756	0.995631374	0.995631374	1.01010101	0.898439725
758	0.995898559	0.995898559	1.01010101	0.898396394
760	0.996161498	0.996161498	1.01010101	0.897622295
762	0.996267277	0.996267277	1.01010101	0.897491724
764	0.996498003	0.996498003	1.01010101	0.897486469
766	0.996592985	0.996592985	1.01010101	0.897435433
768	0.99683387	0.99683387	1.009336361	0.89776356
770	0.997144996	0.997144996	1.009845998	0.897479229
772	0.99746543	0.99746543	1.009845998	0.897172776
774	0.997973071	0.997973071	1.009336361	0.896883555
776	0.998422315	0.998422315	1.009591116	0.896263504
778	0.998887309	0.998887309	1.009081736	0.896253084
780	0.999112063	0.999112063	1.01010101	0.895812578
782	0.999560545	0.999560545	1.010866818	0.896114332
784	1.000374994	1.000374994	1.010356151	0.896008532
786	1.000989269	1.000989269	1.009336361	0.895862166
788	1.001362848	1.001362848	1.009081736	0.896146935
790	1.001393985	1.001393985	1.009845998	0.895367817
792	1.001735981	1.001735981	1.009336361	0.894929053
794	1.001824836	1.001824836	1.009845998	0.895148454
796	1.002278694	1.002278694	1.01010101	0.894874213
798	1.002428656	1.002428656	1.01010101	0.895335587
800	0.983114082	1.003114082	1.01010101	0.89498965
802	0.978041905	1.003041905	1.009845998	0.894905982
804	0.972970151	1.002970151	1.01010101	0.894126192
806	0.967026671	1.002026671	1.010356151	0.893685943
808	0.964638455	1.002138455	1.009336361	0.893488237
810	0.961936552	1.001936552	1.009336361	0.893856355
812	0.962456133	1.002456133	1.01061142	0.893404324
814	0.962441674	1.002441674	1.01010101	0.893531392
816	0.962433906	1.002433906	1.009845998	0.893353777
818	0.961627122	1.001627122	1.01010101	0.89337616
820	0.961053795	1.001053795	1.009591116	0.892969675
822	0.960776396	1.000776396	1.009591116	0.892073128
824	0.960206797	1.000206797	1.008318629	0.892298369
826	0.959723469	0.999723469	1.008827238	0.89211531
828	0.959367212	0.999367212	1.009081736	0.892455054
830	0.959206078	0.999206078	1.009591116	0.892008384
832	0.959079795	0.999079795	1.009845998	0.891050265
834	0.958589016	0.998589016	1.009845998	0.890447072
836	0.958398224	0.998398224	1.009845998	0.889800061
838	0.95724642	0.99724642	1.009845998	0.890762204
840	0.957670015	0.996670015	1.010356151	0.890364839
842	0.957502024	0.995502024	1.01010101	0.890925018
844	0.957581596	0.994581596	1.009845998	0.89060856
846	0.957582114	0.993582114	1.008318629	0.890639624
848	0.957829874	0.992829874	1.009336361	0.890093866
850	0.959447149	0.993447149	1.008572869	0.889697495
852	0.959584305	0.992584305	1.01010101	0.889536776
854	0.959683076	0.991683076	1.010356151	0.888367932
856	0.958692147	0.989692147	1.01010101	0.888340483
858	0.95799241	0.98799241	1.011122346	0.888319891
860	0.956686539	0.986686539	1.01061142	0.888821884
862	0.958072974	0.988072974	1.010356151	0.889359959
864	0.958630345	0.988630345	1.01010101	0.89021472
866	0.95627489	0.98627489	1.009845998	0.888045484
868	0.955519587	0.985519587	1.01061142	0.888432091
870	0.956295629	0.986295629	1.009591116	0.889855277
872	0.959246984	0.989246984	1.01061142	0.88681099
874	0.95749359	0.97749359	1.01010101	0.885289392
876	0.955137393	0.965137393	1.01010101	0.884138111
878	0.953251589	0.953251589	1.01010101	0.88301684
880	0.952137826	0.952137826	1.01010101	0.882677279
882	0.952853274	0.952853274	1.01010101	0.882778528
884	0.95357345	0.95357345	1.01010101	0.883441222
886	0.953258354	0.953258354	1.010866818	0.883028014
888	0.95394444	0.95394444	1.01061142	0.883097165
890	0.956530809	0.956530809	1.010356151	0.881661949
892	0.959896358	0.959896358	1.01061142	0.883195045
894	0.958531681	0.958531681	1.01010101	0.882705718
896	0.954846639	0.954846639	1.010866818	0.885017895
898	0.954650457	0.954650457	1.010866818	0.881871002
900	0.953890209	0.953890209	1.01010101	0.882319321
902	0.954535722	0.954535722	1.01010101	0.846158589
904	0.954067175	0.954067175	1.01010101	0.847090201
906	0.954608098	0.954608098	1.01010101	0.845836119
908	0.956337928	0.956337928	1.01010101	0.846387601
910	0.954388658	0.954388658	1.01010101	0.84399581
912	0.954339347	0.954339347	1.01010101	0.844099539
914	0.952914973	0.952914973	1.01010101	0.845257718
916	0.952971004	0.952971004	1.01010101	0.846583259
918	0.953513235	0.953513235	1.010356151	0.846882445
920	0.952314808	0.952314808	1.010356151	0.84661938
922	0.952211611	0.952211611	1.01010101	0.845969565
924	0.950966826	0.950966826	1.01010101	0.84488876
926	0.952117441	0.952117441	1.01010101	0.844575528
928	0.951899291	0.951899291	1.01061142	0.844852823
930	0.95322173	0.95322173	1.01061142	0.846207684
932	0.9525647	0.9525647	1.01010101	0.8455751
934	0.951815061	0.951815061	1.01010101	0.845927326
936	0.949743479	0.949743479	1.01010101	0.845545428
938	0.950095254	0.950095254	1.01010101	0.845484234
940	0.951475957	0.951475957	1.01010101	0.844908501
942	0.952304614	0.952304614	1.01010101	0.844991646
944	0.950366194	0.950366194	1.01010101	0.845837972
946	0.949517074	0.949517074	1.01010101	0.845812011
948	0.949881008	0.949881008	1.01010101	0.84637876
950	0.94948966	0.94948966	1.010356151	0.84574774
952	0.948022202	0.948022202	1.010356151	0.845186372
954	0.947158184	0.947158184	1.01010101	0.844510443
956	0.949159857	0.949159857	1.01010101	0.845216885
958	0.949093164	0.949093164	1.01010101	0.845367505
960	0.949419144	0.949419144	1.01010101	0.844922866
962	0.948183578	0.948183578	1.01010101	0.84435922
964	0.948583871	0.948583871	1.01010101	0.844573417
966	0.948076244	0.948076244	1.01010101	0.844923286
968	0.947875378	0.947875378	1.01010101	0.84516363
970	0.946946474	0.946946474	1.01010101	0.844800488
972	0.946898077	0.946898077	1.01010101	0.844350984
974	0.947096085	0.947096085	1.01010101	0.844206156
976	0.947307217	0.947307217	1.01010101	0.844011883
978	0.946717623	0.946717623	1.01010101	0.843773345
980	0.946125551	0.946125551	1.01010101	0.843433281
982	0.946163126	0.946163126	1.01010101	0.843356001
984	0.946037353	0.946037353	1.01010101	0.843472322
986	0.945429972	0.945429972	1.01010101	0.843079026
988	0.94617874	0.94617874	1.01010101	0.843161533
990	0.94688603	0.94688603	1.01010101	0.842796016
992	0.947736611	0.947736611	1.01010101	0.84244365
994	0.946785278	0.946785278	1.01010101	0.842255338
996	0.945465379	0.945465379	1.01010101	0.841847371
998	0.94472749	0.94472749	1.01010101	0.841865332
1000	0.94512785	0.94512785	1.01010101	0.841513207
1002	0.945837551	0.945837551	1.01010101	0.841643039
1004	0.945835392	0.945835392	1.01010101	0.841024995
1006	0.944736738	0.944736738	1.01010101	0.840817213
1008	0.944089885	0.944089885	1.009591116	0.840712129
1010	0.943342418	0.943342418	1.01010101	0.840951127
1012	0.942823644	0.942823644	1.01010101	0.840927912
1014	0.942414407	0.942414407	1.01010101	0.840140048
1016	0.942432569	0.942432569	1.01010101	0.839952416
1018	0.941701119	0.941701119	1.01010101	0.83932417
1020	0.941342287	0.941342287	1.01010101	0.839883175
1022	0.941334926	0.941334926	1.01010101	0.839445739
1024	0.942285323	0.942285323	1.01010101	0.839465566
1026	0.942565169	0.942565169	1.01010101	0.83858752
1028	0.941932136	0.941932136	1.01010101	0.83818796
1030	0.941479193	0.941479193	1.01010101	0.83775809
1032	0.941138297	0.941138297	1.01010101	0.837624307
1034	0.941295399	0.941295399	1.01010101	0.837667092
1036	0.940820242	0.940820242	1.01010101	0.837406157
1038	0.939957185	0.939957185	1.01010101	0.837094306
1040	0.939276546	0.939276546	1.01010101	0.837052497
1042	0.939246332	0.939246332	1.01010101	0.836930589
1044	0.938799565	0.938799565	1.01010101	0.837198722
1046	0.938889996	0.938889996	1.01010101	0.836471019
1048	0.938905282	0.938905282	1.01010101	0.836299794
1050	0.938979837	0.938979837	1.01010101	0.836113634
1052	0.938307894	0.938307894	1.01010101	0.836302159
1054	0.93789325	0.93789325	1.01010101	0.83643544
1056	0.938054521	0.938054521	1.01010101	0.835603495
1058	0.938324026	0.938324026	1.01010101	0.835374952
1060	0.938130359	0.938130359	1.01010101	0.835109968
1062	0.937422611	0.937422611	1.01010101	0.835645373
1064	0.937390723	0.937390723	1.01010101	0.835650025
1066	0.937330083	0.937330083	1.01010101	0.835627298
1068	0.937259565	0.937259565	1.01010101	0.835220756
1070	0.936709988	0.936709988	1.01010101	0.834760954
1072	0.935997521	0.935997521	1.01010101	0.834374923
1074	0.93620552	0.93620552	1.01010101	0.834208228
1076	0.935706823	0.935706823	1.01010101	0.834291139
1078	0.935321453	0.935321453	1.01010101	0.834174274
1080	0.934553634	0.934553634	1.01010101	0.834337794
1082	0.93519583	0.93519583	1.01010101	0.834319667
1084	0.935203489	0.935203489	1.01010101	0.83405897
1086	0.93483893	0.93483893	1.01010101	0.833431653
1088	0.934286827	0.934286827	1.01010101	0.833573667
1090	0.933879776	0.933879776	1.01010101	0.83362693
1092	0.934134093	0.934134093	1.01010101	0.833830219
1094	0.933749861	0.933749861	1.01010101	0.832911624
1096	0.933444732	0.933444732	1.01010101	0.83291726
1098	0.933175163	0.933175163	1.01010101	0.832349403
1100	0.932930066	0.932930066	1.01010101	0.83276705
1102	0.932966606	0.932966606	1.009845998	0.832382411
1104	0.932725392	0.932725392	1.009845998	0.832567798
1106	0.932370735	0.932370735	1.01010101	0.832105448
1108	0.932243547	0.932243547	1.01010101	0.832276187
1110	0.932247005	0.932247005	1.01010101	0.832071018
1112	0.932125373	0.932125373	1.009591116	0.832475638
1114	0.931832692	0.931832692	1.01010101	0.832157966
1116	0.931361385	0.931361385	1.01010101	0.831851653
1118	0.931218813	0.931218813	1.01010101	0.832225232
1120	0.930941404	0.930941404	1.01010101	0.831985827
1122	0.930960827	0.930960827	1.01010101	0.832225585
1124	0.9310834	0.9310834	1.01010101	0.831857773
1126	0.931330265	0.931330265	1.01010101	0.831992279
1128	0.931029328	0.931029328	1.01010101	0.831629732
1130	0.930214922	0.930214922	1.01010101	0.831502973
1132	0.929683441	0.929683441	1.01010101	0.831796164
1134	0.92939552	0.92939552	1.01010101	0.831997946
1136	0.929703351	0.929703351	1.01010101	0.831829607
1138	0.929521516	0.929521516	1.009845998	0.83190451
1140	0.929418928	0.929418928	1.009591116	0.832061042
1142	0.928756465	0.928756465	1.009845998	0.832422887
1144	0.928177989	0.928177989	1.01010101	0.832675383
1146	0.927742414	0.927742414	1.01010101	0.833218306
1148	0.92790494	0.92790494	1.01010101	0.833031418
1150	0.92811716	0.92811716	1.01010101	0.833185262
1152	0.928092571	0.928092571	1.01010101	0.833152201
1154	0.92778277	0.92778277	1.01010101	0.83363238
1156	0.927471373	0.927471373	1.01010101	0.83352956
1158	0.926975384	0.926975384	1.01010101	0.833928343
1160	0.926384189	0.926384189	1.01010101	0.833920679
1162	0.925866781	0.925866781	1.01010101	0.834098302
1164	0.925883732	0.925883732	1.01010101	0.834012787
1166	0.925644034	0.925644034	1.01010101	0.833832602
1168	0.925352207	0.925352207	1.01010101	0.833563606
1170	0.924924585	0.924924585	1.01010101	0.833193652
1172	0.924757843	0.924757843	1.01010101	0.833230648
1174	0.924701336	0.924701336	1.01010101	0.833368493
1176	0.924484808	0.924484808	1.010866818	0.833977257
1178	0.924647031	0.924647031	1.011122346	0.83402272
1180	0.924629478	0.924629478	1.011122346	0.8335478
1182	0.924365471	0.924365471	1.011122346	0.833107072
1184	0.923877829	0.923877829	1.011122346	0.832960663
1186	0.923896388	0.923896388	1.011122346	0.833544654
1188	0.923849686	0.923849686	1.011122346	0.833206583
1190	0.923974426	0.923974426	1.011122346	0.833152282
1192	0.923582307	0.923582307	1.011122346	0.833019225
1194	0.922943904	0.922943904	1.011122346	0.832963503
1196	0.922383454	0.922383454	1.011122346	0.8324976
1198	0.921829981	0.921829981	1.011122346	0.832316793
1200	0.922142953	0.922142953	1.011122346	0.832194924
1202	0.921771437	0.921771437	1.011122346	0.831837165
1204	0.92147279	0.92147279	1.011122346	0.831476889
1206	0.921515517	0.921515517	1.011122346	0.831144801
1208	0.921169773	0.921169773	1.011122346	0.831259118
1210	0.920988298	0.920988298	1.011122346	0.831135818
1212	0.920807055	0.920807055	1.011122346	0.831288214
1214	0.921150671	0.921150671	1.011122346	0.831197178
1216	0.921263868	0.921263868	1.011122346	0.831342497
1218	0.920846329	0.920846329	1.011122346	0.831049379
1220	0.920346789	0.920346789	1.011122346	0.831211774
1222	0.919832733	0.919832733	1.011122346	0.83063925
1224	0.919853196	0.919853196	1.011122346	0.830250875
1226	0.919544037	0.919544037	1.011122346	0.829682721
1228	0.91965569	0.91965569	1.011122346	0.829780915
1230	0.919208112	0.919208112	1.011122346	0.829752247
1232	0.918860455	0.918860455	1.011122346	0.829451015
1234	0.918846123	0.918846123	1.011122346	0.828871017
1236	0.918603282	0.918603282	1.011122346	0.828500421
1238	0.91843669	0.91843669	1.011122346	0.828758345
1240	0.917577436	0.917577436	1.011122346	0.82876556
1242	0.916947283	0.916947283	1.011122346	0.828965612
1244	0.916618106	0.916618106	1.011122346	0.828362768
1246	0.916313856	0.916313856	1.011122346	0.827908879
1248	0.916335156	0.916335156	1.011122346	0.828001254
1250	0.916285732	0.916285732	1.011378003	0.827833255
1252	0.91631095	0.91631095	1.011633789	0.827929181
1254	0.916477322	0.916477322	1.011378003	0.827372406
1256	0.915914482	0.915914482	1.011122346	0.827338578
1258	0.915806065	0.915806065	1.011122346	0.827316515
1260	0.91540327	0.91540327	1.011122346	0.827175818
1262	0.915431562	0.915431562	1.011122346	0.826890223
1264	0.915002961	0.915002961	1.011122346	0.826623004
1266	0.91477211	0.91477211	1.011122346	0.826685506
1268	0.914452489	0.914452489	1.011122346	0.826336892
1270	0.914063721	0.914063721	1.011122346	0.82597297
1272	0.913708589	0.913708589	1.011122346	0.825304373
1274	0.913690673	0.913690673	1.011889704	0.825016272
1276	0.913629279	0.913629279	1.012145749	0.825448977
1278	0.913252394	0.913252394	1.012145749	0.825454546
1280	0.912757912	0.912757912	1.012145749	0.825507538
1282	0.912382687	0.912382687	1.012145749	0.825620097
1284	0.91217059	0.91217059	1.012145749	0.825892867
1286	0.911990936	0.911990936	1.012145749	0.826223658
1288	0.911837404	0.911837404	1.012145749	0.825819688
1290	0.911672535	0.911672535	1.012145749	0.82571117
1292	0.911897346	0.911897346	1.012145749	0.825327391
1294	0.911709215	0.911709215	1.012145749	0.825452217
1296	0.91122819	0.91122819	1.012145749	0.825332768
1298	0.910693851	0.910693851	1.012145749	0.825745727
1300	0.91026291	0.91026291	1.012145749	0.826099084
1302	0.909770748	0.909770748	1.012145749	0.82601242
1304	0.909094548	0.909094548	1.012145749	0.825579753
1306	0.908991491	0.908991491	1.012145749	0.825143942
1308	0.908914832	0.908914832	1.012914662	0.825077574
1310	0.909239529	0.909239529	1.012401924	0.825355645
1312	0.908980924	0.908980924	1.012401924	0.825617251
1314	0.908920125	0.908920125	1.012401924	0.826322204
1316	0.908420861	0.908420861	1.012145749	0.826457248
1318	0.908234776	0.908234776	1.012145749	0.826532096
1320	0.90759312	0.90759312	1.012145749	0.826635361
1322	0.90702255	0.90702255	1.012145749	0.826954451
1324	0.906837988	0.906837988	1.012145749	0.827424102
1326	0.906808862	0.906808862	1.012914662	0.828144311
1328	0.906452796	0.906452796	1.013171226	0.828676768
1330	0.906186148	0.906186148	1.013171226	0.828535469
1332	0.906023314	0.906023314	1.013171226	0.828538411
1334	0.906348212	0.906348212	1.013171226	0.828375654
1336	0.905624975	0.905624975	1.013171226	0.82878674
1338	0.905387274	0.905387274	1.013171226	0.828673718
1340	0.90461709	0.90461709	1.013171226	0.828984811
1342	0.904274118	0.904274118	1.01342792	0.829106172
1344	0.90372978	0.90372978	1.01342792	0.82950556
1346	0.903461881	0.903461881	1.013171226	0.82984633
1348	0.902896317	0.902896317	1.01342792	0.83031408
1350	0.902778672	0.902778672	1.01342792	0.830989176
1352	0.901790574	0.901790574	1.01342792	0.831084019
1354	0.901500192	0.901500192	1.013941698	0.831264409
1356	0.900809285	0.900809285	1.013171226	0.831498549
1358	0.900799723	0.900799723	1.01342792	0.83159813
1360	0.899971078	0.899971078	1.01342792	0.831313888
1362	0.89975355	0.89975355	1.013171226	0.83163851
1364	0.899104731	0.899104731	1.013941698	0.832538079
1366	0.899302369	0.899302369	1.014198783	0.832919681
1368	0.898799494	0.898799494	1.014198783	0.83388811
1370	0.898981831	0.898981831	1.014198783	0.834798434
1372	0.899141683	0.899141683	1.014198783	0.836198791
1374	0.898892104	0.898892104	1.01342792	0.837052275
1376	0.898578348	0.898578348	1.013941698	0.837859423
1378	0.897234239	0.897234239	1.013684744	0.839248795
1380	0.896492752	0.896492752	1.013941698	0.84043997
1382	0.895678655	0.895678655	1.013171226	0.842169059
1384	0.895480571	0.895480571	1.013941698	0.844102419
1386	0.894914455	0.894914455	1.014198783	0.845533773
1388	0.894292225	0.894292225	1.014198783	0.846887932
1390	0.893532897	0.893532897	1.014198783	0.847243043
1392	0.893050656	0.893050656	1.014198783	0.848338105
1394	0.892400983	0.892400983	1.014198783	0.849842142
1396	0.89201948	0.89201948	1.014198783	0.851920987
1398	0.891767461	0.891767461	1.014198783	0.853501497
1400	0.891352533	0.891352533	1.014198783	0.855092127
1402	0.8901854	0.8901854	1.014198783	0.856433671
1404	0.889118016	0.889118016	1.014198783	0.857999611
1406	0.88838302	0.88838302	1.014198783	0.860530137
1408	0.887919214	0.887919214	1.014198783	0.862670294
1410	0.886509755	0.886509755	1.014198783	0.865341707
1412	0.885320363	0.885320363	1.013941698	0.866230398
1414	0.884648843	0.884648843	1.013941698	0.867124316
1416	0.884609073	0.884609073	1.014198783	0.868325732
1418	0.884419554	0.884419554	1.014198783	0.870030762
1420	0.883291118	0.883291118	1.014198783	0.871305776
1422	0.88235113	0.88235113	1.014198783	0.871550717
1424	0.881653059	0.881653059	1.013941698	0.872104063
1426	0.881386109	0.881386109	1.012658228	0.872967275
1428	0.880821655	0.880821655	1.013171226	0.874573076
1430	0.879743147	0.879743147	1.013171226	0.874684308
1432	0.878944266	0.878944266	1.013171226	0.875583109
1434	0.877936261	0.877936261	1.013171226	0.875588612
1436	0.877156268	0.877156268	1.013171226	0.876217235
1438	0.876449487	0.876449487	1.013171226	0.875635499
1440	0.876364328	0.876364328	1.013171226	0.876361288
1442	0.876076023	0.876076023	1.013171226	0.876287223
1444	0.875538641	0.875538641	1.013171226	0.875872643
1446	0.874994065	0.874994065	1.013171226	0.876315401
1448	0.874960432	0.874960432	1.013171226	0.876896449
1450	0.874594265	0.874594265	1.013171226	0.87714913
1452	0.874421108	0.874421108	1.013171226	0.875819753
1454	0.873544788	0.873544788	1.013171226	0.875558084
1456	0.873094177	0.873094177	1.013171226	0.87545166
1458	0.872236716	0.872236716	1.013171226	0.875331354
1460	0.871905816	0.871905816	1.013171226	0.874942251
1462	0.872118182	0.872118182	1.013171226	0.874524749
1464	0.871866748	0.871866748	1.013171226	0.874515509
1466	0.87152167	0.87152167	1.013171226	0.874009722
1468	0.871304813	0.871304813	1.013171226	0.873010467
1470	0.871463244	0.871463244	1.013171226	0.872125678
1472	0.871874885	0.871874885	1.013171226	0.871122642
1474	0.87090128	0.87090128	1.013171226	0.870598422
1476	0.8709993	0.8709993	1.013171226	0.869974448
1478	0.870905234	0.870905234	1.013171226	0.869358121
1480	0.871202361	0.871202361	1.013171226	0.868772344
1482	0.87095614	0.87095614	1.013171226	0.867921803
1484	0.870167908	0.870167908	1.013171226	0.86715337
1486	0.869390202	0.869390202	1.013171226	0.865630453
1488	0.869470985	0.869470985	1.013171226	0.864698198
1490	0.86995558	0.86995558	1.013171226	0.863554667
1492	0.870719245	0.870719245	1.013171226	0.862696911
1494	0.870293679	0.870293679	1.013171226	0.861139768
1496	0.869756862	0.869756862	1.013171226	0.860935239
1498	0.869514083	0.869514083	1.013171226	0.860934859
1500	0.868985541	0.868985541	1.013171226	0.860497927
1502	0.868498926	0.868498926	1.013171226	0.858550812
1504	0.868360966	0.868360966	1.013171226	0.857138913
1506	0.86952076	0.86952076	1.013171226	0.856605086
1508	0.869970426	0.869970426	1.013171226	0.855066539
1510	0.869572539	0.869572539	1.013171226	0.853929512
1512	0.868739492	0.868739492	1.013171226	0.852518443
1514	0.868319644	0.868319644	1.013171226	0.852695714
1516	0.868337066	0.868337066	1.013171226	0.851802748
1518	0.86878658	0.86878658	1.013171226	0.850976826
1520	0.868537393	0.868537393	1.013171226	0.850118535
1522	0.86922455	0.86922455	1.013171226	0.848543458
1524	0.868037521	0.868037521	1.013171226	0.84834815
1526	0.868813051	0.868813051	1.013171226	0.847997983
1528	0.868065303	0.868065303	1.013171226	0.848837337
1530	0.867270929	0.867270929	1.013171226	0.847582906
1532	0.866797414	0.866797414	1.013171226	0.846018973
1534	0.867372463	0.867372463	1.013171226	0.844631484
1536	0.867740731	0.867740731	1.013171226	0.844428065
1538	0.867541103	0.867541103	1.013171226	0.844512274
1540	0.865788054	0.865788054	1.013171226	0.843914651
1542	0.86603933	0.86603933	1.013171226	0.843117799
1544	0.86512782	0.86512782	1.013171226	0.841505646
1546	0.865184649	0.865184649	1.013171226	0.841033051
1548	0.864399918	0.864399918	1.013171226	0.840204199
1550	0.865159911	0.865159911	1.013171226	0.840345979
1552	0.864796489	0.864796489	1.013171226	0.839696804
1554	0.864683111	0.864683111	1.013171226	0.839812039
1556	0.86347615	0.86347615	1.013171226	0.838893798
1558	0.864036244	0.864036244	1.013171226	0.83864939
1560	0.863867518	0.863867518	1.013171226	0.837350077
1562	0.864542753	0.864542753	1.013171226	0.837883509
1564	0.86412846	0.86412846	1.013171226	0.837162353
1566	0.863588728	0.863588728	1.013171226	0.837032821
1568	0.863353098	0.863353098	1.013171226	0.836622122
1570	0.862758064	0.862758064	1.013171226	0.83602689
1572	0.862711179	0.862711179	1.013171226	0.835612767
1574	0.861755876	0.861755876	1.013171226	0.834594336
1576	0.862489402	0.862489402	1.01342792	0.834026504
1578	0.8622663	0.8622663	1.01342792	0.832781358
1580	0.862496194	0.862496194	1.013171226	0.833062373
1582	0.861218009	0.861218009	1.013171226	0.832833211
1584	0.861286101	0.861286101	1.013171226	0.833584719
1586	0.860896837	0.860896837	1.013171226	0.83235398
1588	0.860811825	0.860811825	1.013941698	0.832383243
1590	0.861192487	0.861192487	1.01342792	0.832635609
1592	0.861437988	0.861437988	1.013171226	0.832747679
1594	0.861342042	0.861342042	1.013941698	0.832657892
1596	0.85953326	0.85953326	1.013941698	0.831655101
1598	0.858804195	0.858804195	1.013171226	0.831357196
1600	0.859290993	0.859290993	1.013171226	0.829535952
1602	0.859612233	0.859612233	1.013171226	0.829212091
1604	0.859608685	0.859608685	1.013171226	0.828782721
1606	0.858817728	0.858817728	1.013171226	0.829702309
1608	0.858905673	0.858905673	1.013171226	0.829456164
1610	0.858792014	0.858792014	1.013171226	0.828356574
1612	0.858205362	0.858205362	1.013941698	0.827956701
1614	0.858265757	0.858265757	1.014198783	0.827682875
1616	0.858227317	0.858227317	1.014198783	0.827294489
1618	0.859502691	0.859502691	1.013941698	0.826468017
1620	0.859660656	0.859660656	1.013941698	0.826700824
1622	0.8591956	0.8591956	1.014198783	0.826827335
1624	0.857563478	0.857563478	1.014198783	0.827082459
1626	0.85643017	0.85643017	1.01497082	0.827603754
1628	0.856863822	0.856863822	1.015228426	0.82867559
1630	0.857749887	0.857749887	1.015228426	0.827466314
1632	0.85809653	0.85809653	1.015228426	0.826349846
1634	0.858006894	0.858006894	1.015228426	0.825186793
1636	0.856851836	0.856851836	1.015228426	0.825429806
1638	0.85716612	0.85716612	1.015228426	0.827105952
1640	0.856297219	0.856297219	1.015228426	0.827330574
1642	0.856120666	0.856120666	1.015228426	0.827580522
1644	0.85480225	0.85480225	1.015228426	0.825759967
1646	0.854560042	0.854560042	1.015228426	0.825963319
1648	0.855425459	0.855425459	1.015228426	0.825196362
1650	0.85538076	0.85538076	1.015228426	0.825700179
1652	0.855202048	0.855202048	1.015228426	0.825223529
1654	0.853512644	0.853512644	1.015228426	0.825196932
1656	0.853734081	0.853734081	1.015228426	0.824953745
1658	0.853991938	0.853991938	1.015228426	0.824272586
1660	0.854579496	0.854579496	1.015228426	0.824969959
1662	0.854294481	0.854294481	1.015228426	0.823789402
1664	0.853306667	0.853306667	1.015228426	0.824190915
1666	0.853726514	0.853726514	1.015744033	0.824499343
1668	0.853336653	0.853336653	1.015486164	0.824977029
1670	0.855137987	0.855137987	1.015744033	0.823963598
1672	0.854041593	0.854041593	1.016260163	0.822580299
1674	0.853498174	0.853498174	1.016260163	0.82293826
1676	0.852228843	0.852228843	1.017035342	0.823519075
1678	0.852935258	0.852935258	1.017293998	0.823873841
1680	0.854366025	0.854366025	1.017293998	0.823286648
1682	0.853895887	0.853895887	1.017293998	0.823823335
1684	0.853033447	0.853033447	1.017293998	0.824194339
1686	0.852419571	0.852419571	1.017293998	0.823538176
1688	0.852065093	0.852065093	1.017293998	0.823159921
1690	0.851331186	0.851331186	1.017293998	0.822849715
1692	0.850281631	0.850281631	1.017293998	0.823883541
1694	0.85119037	0.85119037	1.017293998	0.822857033
1696	0.850902677	0.850902677	1.017293998	0.822012824
1698	0.850583958	0.850583958	1.017293998	0.821879642
1700	0.848122932	0.848122932	1.017293998	0.822863427
1702	0.847776556	0.847776556	1.017293998	0.823568479
1704	0.847277191	0.847277191	1.017293998	0.822777525
1706	0.847009287	0.847009287	1.017293998	0.822566596
1708	0.847568819	0.847568819	1.017293998	0.823150598
1710	0.846487434	0.846487434	1.017293998	0.823374618
1712	0.84684694	0.84684694	1.017293998	0.824169658
1714	0.846119702	0.846119702	1.017293998	0.823489949
1716	0.846712361	0.846712361	1.017293998	0.822591638
1718	0.846278617	0.846278617	1.017293998	0.823981209
1720	0.846072186	0.846072186	1.017293998	0.824634008
1722	0.845070064	0.845070064	1.017293998	0.825764449
1724	0.845650119	0.845650119	1.017293998	0.824725042
1726	0.845368562	0.845368562	1.017293998	0.825923302
1728	0.84519906	0.84519906	1.017293998	0.827084566
1730	0.844080327	0.844080327	1.017293998	0.826808276
1732	0.840692132	0.840692132	1.017293998	0.826459056
1734	0.840362144	0.840362144	1.017293998	0.826094357
1736	0.83872177	0.83872177	1.017293998	0.82509527
1738	0.840106017	0.840106017	1.017293998	0.823800326
1740	0.840445792	0.840445792	1.017293998	0.824141867
1742	0.84160005	0.84160005	1.017293998	0.826560505
1744	0.843226699	0.843226699	1.017293998	0.82931454
1746	0.842458164	0.842458164	1.017293998	0.830088832
1748	0.84299681	0.84299681	1.017293998	0.8304914
1750	0.842295463	0.842295463	1.017293998	0.830142104
1752	0.841528635	0.841528635	1.017293998	0.83032214
1754	0.839414895	0.839414895	1.017293998	0.829404888
1756	0.839381859	0.839381859	1.017293998	0.829691384
1758	0.838747093	0.838747093	1.017035342	0.830047733
1760	0.837605129	0.837605129	1.017035342	0.831320538
1762	0.835418068	0.835418068	1.017293998	0.832367608
1764	0.834958945	0.834958945	1.017293998	0.832402457
1766	0.836205158	0.836205158	1.017293998	0.832017596
1768	0.834418616	0.834418616	1.017293998	0.831676899
1770	0.834904415	0.834904415	1.017293998	0.834352812
1772	0.832593231	0.832593231	1.017293998	0.835428473
1774	0.832658783	0.832658783	1.016776817	0.837138568
1776	0.831708227	0.831708227	1.017293998	0.834822864
1778	0.832747703	0.832747703	1.017293998	0.834748435
1780	0.833354319	0.833354319	1.017293998	0.833115921
1782	0.833197807	0.833197807	1.017035342	0.835847266
1784	0.833240799	0.833240799	1.017035342	0.836014252
1786	0.833720276	0.833720276	1.017293998	0.838793278
1788	0.832222327	0.832222327	1.017293998	0.838794874
1790	0.831128645	0.831128645	1.017293998	0.837893594
1792	0.828559986	0.828559986	1.017293998	0.835503433
1794	0.830372496	0.830372496	1.017293998	0.832917548
1796	0.828962351	0.828962351	1.017293998	0.832262572
1798	0.831383358	0.831383358	1.017293998	0.832751966
1800	0.828315855	0.828315855	1.017293998	0.833487584
1802	0.829537908	0.829537908	1.017293998	0.835684008
1804	0.828479879	0.828479879	1.017293998	0.835673176
1806	0.830179435	0.830179435	1.017552786	0.835978248
1808	0.829066233	0.829066233	1.018329939	0.836183303
1810	0.829248263	0.829248263	1.018329939	0.835181877
1812	0.829259502	0.829259502	1.018329939	0.835487487
1814	0.829293229	0.829293229	1.018329939	0.835134143
1816	0.829681319	0.829681319	1.018329939	0.837088405
1818	0.830287716	0.830287716	1.018589254	0.836266879
1820	0.829175648	0.829175648	1.019367992	0.835372355
1822	0.826901372	0.826901372	1.019367992	0.836025962
1824	0.826437237	0.826437237	1.020147921	0.837659025
1826	0.828612099	0.828612099	1.019627836	0.83724437
1828	0.828947902	0.828947902	1.020147921	0.836886674
1830	0.82812367	0.82812367	1.020408163	0.836373103
1832	0.827104889	0.827104889	1.020929045	0.837326118
1834	0.827831927	0.827831927	1.021189686	0.835015616
1836	0.828123177	0.828123177	1.02145046	0.83604575
1838	0.828515063	0.828515063	1.020929045	0.837644588
1840	0.827622212	0.827622212	1.02145046	0.839105265
1842	0.826728955	0.826728955	1.02145046	0.838132276
1844	0.826169361	0.826169361	1.02223358	0.838871422
1846	0.824378115	0.824378115	1.022494888	0.83871088
1848	0.824298771	0.824298771	1.022494888	0.840229586
1850	0.823563371	0.823563371	1.022494888	0.840699928
1852	0.824781554	0.824781554	1.022494888	0.839547056
1854	0.824858262	0.824858262	1.022494888	0.841108969
1856	0.824287898	0.824287898	1.022494888	0.843000179
1858	0.822588422	0.822588422	1.022494888	0.846175549
1860	0.821945815	0.821945815	1.022494888	0.848351417
1862	0.822544113	0.822544113	1.023017903	0.850061311
1864	0.822662917	0.822662917	1.022756328	0.852393099
1866	0.819770995	0.819770995	1.022756328	0.855053095
1868	0.818598032	0.818598032	1.023279611	0.856340674
1870	0.817522405	0.817522405	1.023541453	0.859347503
1872	0.8187432	0.8187432	1.023541453	0.865063438
1874	0.816222504	0.816222504	1.023279611	0.872649806
1876	0.815681005	0.815681005	1.02406554	0.881819645
1878	0.816126334	0.816126334	1.02380343	0.888821355
1880	0.816789716	0.816789716	1.024327785	0.895253343
1882	0.815536212	0.815536212	1.02406554	0.901750696
1884	0.810753186	0.810753186	1.02406554	0.906060176
1886	0.808076598	0.808076598	1.02406554	0.912472874
1888	0.80579057	0.80579057	1.024327785	0.920171377
1890	0.806563035	0.806563035	1.024327785	0.928077959
1892	0.80377486	0.80377486	1.024590164	0.940837846
1894	0.803304549	0.803304549	1.024327785	0.948861463
1896	0.801304445	0.801304445	1.023541453	0.956011305
1898	0.800432785	0.800432785	1.02406554	0.963247635
1900	0.793400206	0.793400206	1.024327785	0.966905732
1902	0.790681635	0.790681635	1.025115325	0.974798026
1904	0.788429567	0.788429567	1.02380343	0.975933637
1906	0.79217986	0.79217986	1.023541453	0.983567801
1908	0.790258908	0.790258908	1.024327785	0.993002538
1910	0.787548342	0.787548342	1.02380343	1.00657427
1912	0.784985677	0.784985677	1.024327785	1.010998127
1914	0.782758933	0.782758933	1.024852677	1.016031377
1916	0.783238243	0.783238243	1.024327785	1.014500007
1918	0.782388942	0.782388942	1.024590164	1.022966962
1920	0.781254716	0.781254716	1.02406554	1.026118284
1922	0.780740521	0.780740521	1.024590164	1.031336157
1924	0.777527809	0.777527809	1.024590164	1.031400409
1926	0.778215243	0.778215243	1.025378108	1.036194451
1928	0.775224781	0.775224781	1.025378108	1.035226978
1930	0.773743435	0.773743435	1.025378108	1.03935974
1932	0.770323931	0.770323931	1.025115325	1.041298049
1934	0.767444602	0.767444602	1.025641026	1.044641989
1936	0.768295616	0.768295616	1.025641026	1.043566546
1938	0.769362923	0.769362923	1.025641026	1.038499934
1940	0.772738069	0.772738069	1.025641026	1.038737867
1942	0.770704787	0.770704787	1.025641026	1.035879799
1944	0.770601594	0.770601594	1.025641026	1.037427425
1946	0.769222782	0.769222782	1.025641026	1.030595864
1948	0.766707024	0.766707024	1.025641026	1.030954778
1950	0.763851563	0.763851563	1.026430588	1.029560374
1952	0.763889083	0.763889083	1.026694045	1.033546252
1954	0.766323486	0.766323486	1.026694045	1.034423007
1956	0.766855958	0.766855958	1.026694045	1.028006612
1958	0.768582246	0.768582246	1.026694045	1.021691113
1960	0.770742799	0.770742799	1.02748523	1.020318015
1962	0.770034934	0.770034934	1.027749229	1.019834297
1964	0.77322272	0.77322272	1.027749229	1.022642313
1966	0.772311795	0.772311795	1.027749229	1.019582636
1968	0.776091062	0.776091062	1.027749229	1.015442661
1970	0.774522397	0.774522397	1.028542042	1.013555577
1972	0.779362879	0.779362879	1.028542042	1.007854466
1974	0.779795559	0.779795559	1.028013364	1.007693016
1976	0.780394921	0.780394921	1.02960103	1.005762082
1978	0.77368798	0.77368798	1.029866117	1.002620399
1980	0.772851547	0.772851547	1.029866117	1.000423625
1982	0.773465772	0.773465772	1.029866117	0.995290023
1984	0.778855884	0.778855884	1.030131342	0.997624065
1986	0.783603689	0.783603689	1.030927835	0.992741661
1988	0.783375781	0.783375781	1.030927835	0.993046209
1990	0.783564421	0.783564421	1.031193607	0.983158714
1992	0.782101294	0.782101294	1.032791118	0.980755631
1994	0.778258065	0.778258065	1.033057851	0.976247147
1996	0.776219515	0.776219515	1.032791118	0.977745332
1998	0.776661934	0.776661934	1.032791118	0.979427982
2000	0.778749489	0.778749489	1.033057851	0.976190196
2002			1.034126163	
2004			1.035196687	
2006			1.035196687	
2008			1.036001036	
2010			1.03626943	
2012			1.037075447	
2014			1.037344398	
2016			1.038152089	
2018			1.039230969	
2020			1.03950104	
2022			1.03977125	
2024			1.041124414	
2026			1.04139547	
2028			1.042481105	
2030			1.042752868	
2032			1.043296818	
2034			1.043569006	
2036			1.044113808	
2038			1.044932079	
2040			1.045751634	
2042			1.045478306	
2044			1.047120419	
2046			1.047943411	
2048			1.047943411	
2050			1.048767698	
2052			1.048218029	
2054			1.048218029	
2056			1.049868766	
2058			1.050420168	
2060			1.050420168	
2062			1.050420168	
2064			1.050972149	
2066			1.052077854	
2068			1.052631579	
2070			1.053185887	
2072			1.052631579	
2074			1.052631579	
2076			1.05374078	
2078			1.054852321	
2080			1.054852321	
2082			1.055130572	
2084			1.055408971	
2086			1.056524036	
2088			1.056245049	
2090			1.057082452	
2092			1.057082452	
2094			1.057082452	
2096			1.058201058	
2098			1.059322034	
2100			1.059041567	
2102			1.059602649	
2104			1.059883413	
2106			1.060164325	
2108			1.061289467	
2110			1.061289467	
2112			1.061571125	
2114			1.060726598	
2116			1.062981664	
2118			1.063264221	
2120			1.063264221	
2122			1.063829787	
2124			1.064112796	
2126			1.064679265	
2128			1.065814015	
2130			1.066951187	
2132			1.067235859	
2134			1.067235859	
2136			1.067235859	
2138			1.066666667	
2140			1.066666667	
2142			1.065814015	
2144			1.065814015	
2146			1.064679265	
2148			1.064112796	
2150			1.064395955	
2152			1.064395955	
2154			1.062699256	
2156			1.061852933	
2158			1.060445387	
2160			1.060164325	
2162			1.059322034	
2164			1.05764146	
2166			1.055687516	
2168			1.054574216	
2170			1.05374078	
2172			1.052631579	
2174			1.051248357	
2176			1.050420168	
2178			1.050420168	
2180			1.049317943	
2182			1.047943411	
2184			1.047120419	
2186			1.046298718	
2188			1.045751634	
2190			1.044113808	
2192			1.043841336	
2194			1.043569006	
2196			1.042752868	
2198			1.042481105	
2200			1.04139547	
2202			1.040582726	
2204			1.040041602	
2206			1.04139547	
2208			1.04139547	
2210			1.040582726	
2212			1.040582726	
2214			1.040312094	
2216			1.039230969	
2218			1.038691249	
2220			1.03950104	
2222			1.03950104	
2224			1.03950104	
2226			1.038691249	
2228			1.038691249	
2230			1.039230969	
2232			1.038421599	
2234			1.038961039	
2236			1.040041602	
2238			1.040582726	
2240			1.040582726	
2242			1.040582726	
2244			1.040582726	
2246			1.04139547	
2248			1.041666667	
2250			1.041124414	
2252			1.040582726	
2254			1.040582726	
2256			1.042752868	
2258			1.042481105	
2260			1.041938005	
2262			1.041938005	
2264			1.043296818	
2266			1.042752868	
2268			1.043024772	
2270			1.043841336	
2272			1.044386423	
2274			1.043569006	
2276			1.044386423	
2278			1.045751634	
2280			1.045751634	
2282			1.045751634	
2284			1.046298718	
2286			1.046572475	
2288			1.046572475	
2290			1.047120419	
2292			1.048492792	
2294			1.048218029	
2296			1.048492792	
2298			1.049042748	
2300			1.051248357	
2302			1.050972149	
2304			1.049868766	
2306			1.051524711	
2308			1.052077854	
2310			1.050696086	
2312			1.052354644	
2314			1.05180121	
2316			1.054852321	
2318			1.055408971	
2320			1.055130572	
2322			1.055966209	
2324			1.055408971	
2326			1.055130572	
2328			1.057082452	
2330			1.058201058	
2332			1.058761249	
2334			1.059041567	
2336			1.060445387	
2338			1.061571125	
2340			1.062134891	
2342			1.061289467	
2344			1.060726598	
2346			1.061852933	
2348			1.062416999	
2350			1.063264221	
2352			1.062699256	
2354			1.064395955	
2356			1.063829787	
2358			1.065530101	
2360			1.066098081	
2362			1.065246338	
2364			1.065530101	
2366			1.066098081	
2368			1.066951187	
2370			1.065530101	
2372			1.066098081	
2374			1.067805659	
2376			1.066666667	
2378			1.066098081	
2380			1.066382298	
2382			1.065814015	
2384			1.066666667	
2386			1.069232825	
2388			1.067520683	
2390			1.068090788	
2392			1.068947087	
2394			1.068661501	
2396			1.069232825	
2398			1.067520683	
2400			1.067235859	
2402			1.068090788	
2404			1.068661501	
2406			1.069518717	
2408			1.069804761	
2410			1.067520683	
2412			1.068947087	
2414			1.071524243	
2416			1.071237279	
2418			1.069518717	
2420			1.069232825	
2422			1.068090788	
2424			1.069518717	
2426			1.069804761	
2428			1.070377308	
2430			1.068090788	
2432			1.069518717	
2434			1.071237279	
2436			1.070377308	
2438			1.070950469	
2440			1.070377308	
2442			1.070090958	
2444			1.069232825	
2446			1.068947087	
2448			1.067520683	
2450			1.066951187	
2452			1.067235859	
2454			1.070377308	
2456			1.069804761	
2458			1.069232825	
2460			1.070090958	
2462			1.069518717	
2464			1.066951187	
2466			1.068661501	
2468			1.067520683	
2470			1.066951187	
2472			1.069232825	
2474			1.069518717	
2476			1.070090958	
2478			1.069232825	
2480			1.071811361	
2482			1.071524243	
2484			1.070377308	
2486			1.071524243	
2488			1.071811361	
2490			1.070377308	
2492			1.070090958	
2494			1.070950469	
2496			1.073537305	
2498			1.075557946	
2500			1.067615658	
